# HS DD2 equation of state (dd2)
# Beta-equilibrium 
# temperature T = 0.1 MeV
#
# 1: pressure[MeV/fm3], 
# 2: log10(rho[cgs])
# 3: Y_e
# 4: internal energy [MeV/baryon]
# 5: muhat [MeV]
# 6: sound velocity [?cm/s]
# 7: specific entropy [kB/baryon]
# 8: mass fraction of neutrons: Xn
# 9: mass fraction of protons: Xp
# 10: mass fraction of deuterons: Xd
# 11: mass fraction of tritons: Xt
# 12: mass fraction of helions: Xh
# 13: mass fraction of alphas" Xalp
# 14: mass fraction of heavy nuclei XA
# 15: average atomic mass of heavy nuclei: A
# 16: average charge of heavy nuclei: Z
#
# ...Loading EOS-table from eos/eos_dd2.txt...
#    nrho, ntemp, nye, nvars =  326  81  60  14
# ...Done reading EOS file...
#
3.180880E-12 3.220249E+00 4.621119E-01 9.409910E+02 5.131748E-01 0.000000E+00 1.403209E+02 1.000000E-24 1.000000E-24 1.000000E-24 1.000000E-24 1.000000E-24 8.664475E-22 1.000000E+00 5.680334E+01 2.624687E+01
3.181687E-12 3.260249E+00 4.621093E-01 9.400441E+02 5.133122E-01 0.000000E+00 1.280536E+02 1.000000E-24 1.000000E-24 1.000000E-24 1.000000E-24 1.000000E-24 7.942886E-22 1.000000E+00 5.680641E+01 2.624814E+01
3.182640E-12 3.300249E+00 4.621067E-01 9.391810E+02 5.134582E-01 0.000000E+00 1.168689E+02 1.000000E-24 1.000000E-24 1.000000E-24 1.000000E-24 1.000000E-24 7.281101E-22 1.000000E+00 5.680949E+01 2.624942E+01
3.183765E-12 3.340249E+00 4.621040E-01 9.383943E+02 5.136135E-01 0.000000E+00 1.066718E+02 1.000000E-24 1.000000E-24 1.000000E-24 1.000000E-24 1.000000E-24 6.674191E-22 1.000000E+00 5.681259E+01 2.625070E+01
3.185096E-12 3.380249E+00 4.621013E-01 9.376773E+02 5.137786E-01 0.000000E+00 9.737581E+01 1.000000E-24 1.000000E-24 1.000000E-24 1.000000E-24 1.000000E-24 6.117604E-22 1.000000E+00 5.681571E+01 2.625198E+01
3.186669E-12 3.420249E+00 4.620985E-01 9.370238E+02 5.139540E-01 0.000000E+00 8.890188E+01 1.000000E-24 1.000000E-24 1.000000E-24 1.000000E-24 1.000000E-24 5.607191E-22 1.000000E+00 5.681884E+01 2.625328E+01
3.188530E-12 3.460249E+00 4.620957E-01 9.364283E+02 5.141405E-01 0.000000E+00 8.117806E+01 1.000000E-24 1.000000E-24 1.000000E-24 1.000000E-24 1.000000E-24 5.139126E-22 1.000000E+00 5.682200E+01 2.625457E+01
3.190732E-12 3.500249E+00 4.620929E-01 9.358860E+02 5.143387E-01 0.000000E+00 7.413871E+01 1.000000E-24 1.000000E-24 1.000000E-24 1.000000E-24 1.000000E-24 4.709909E-22 1.000000E+00 5.682517E+01 2.625588E+01
3.193338E-12 3.540249E+00 4.620900E-01 9.353919E+02 5.145494E-01 0.000000E+00 6.772397E+01 1.000000E-24 1.000000E-24 1.000000E-24 1.000000E-24 1.000000E-24 4.316321E-22 1.000000E+00 5.682836E+01 2.625720E+01
3.196421E-12 3.580249E+00 4.620871E-01 9.349419E+02 5.147733E-01 0.000000E+00 6.187927E+01 1.000000E-24 1.000000E-24 1.000000E-24 1.000000E-24 1.000000E-24 3.955416E-22 1.000000E+00 5.683158E+01 2.625852E+01
3.200065E-12 3.620249E+00 4.620841E-01 9.345324E+02 5.150113E-01 0.000000E+00 5.655483E+01 1.000000E-24 1.000000E-24 1.000000E-24 1.000000E-24 1.000000E-24 3.624493E-22 1.000000E+00 5.683481E+01 2.625984E+01
3.204367E-12 3.660249E+00 4.620811E-01 9.341595E+02 5.152643E-01 0.000000E+00 5.170525E+01 1.000000E-24 1.000000E-24 1.000000E-24 1.000000E-24 1.000000E-24 3.321071E-22 1.000000E+00 5.683807E+01 2.626118E+01
3.209443E-12 3.700249E+00 4.620780E-01 9.338203E+02 5.155331E-01 0.000000E+00 4.728909E+01 1.000000E-24 1.000000E-24 1.000000E-24 1.000000E-24 1.000000E-24 3.042864E-22 1.000000E+00 5.684135E+01 2.626252E+01
3.215422E-12 3.740249E+00 4.620748E-01 9.335119E+02 5.158188E-01 0.000000E+00 4.326854E+01 1.000000E-24 1.000000E-24 1.000000E-24 1.000000E-24 1.000000E-24 2.787790E-22 1.000000E+00 5.684466E+01 2.626387E+01
3.222451E-12 3.780249E+00 4.620716E-01 9.332314E+02 5.161224E-01 0.000000E+00 3.960908E+01 1.000000E-24 1.000000E-24 1.000000E-24 1.000000E-24 1.000000E-24 2.553938E-22 1.000000E+00 5.684799E+01 2.626522E+01
3.230699E-12 3.820249E+00 4.620683E-01 9.329767E+02 5.164451E-01 0.000000E+00 3.627914E+01 1.000000E-24 1.000000E-24 1.000000E-24 1.000000E-24 1.000000E-24 2.339540E-22 1.000000E+00 5.685135E+01 2.626658E+01
3.240350E-12 3.860249E+00 4.620649E-01 9.327452E+02 5.167879E-01 0.000000E+00 3.324988E+01 1.000000E-24 1.000000E-24 1.000000E-24 1.000000E-24 1.000000E-24 2.142991E-22 1.000000E+00 5.685473E+01 2.626796E+01
3.251614E-12 3.900249E+00 4.620615E-01 9.325352E+02 5.171522E-01 0.000000E+00 3.049489E+01 1.000000E-24 1.000000E-24 1.000000E-24 1.000000E-24 1.000000E-24 1.962807E-22 1.000000E+00 5.685815E+01 2.626935E+01
3.264717E-12 3.940249E+00 4.620580E-01 9.323446E+02 5.175394E-01 0.000000E+00 2.799000E+01 1.000000E-24 1.000000E-24 1.000000E-24 1.000000E-24 1.000000E-24 1.797637E-22 1.000000E+00 5.686159E+01 2.627074E+01
3.279908E-12 3.980249E+00 4.620543E-01 9.321718E+02 5.179507E-01 0.000000E+00 2.571305E+01 1.000000E-24 1.000000E-24 1.000000E-24 1.000000E-24 1.000000E-24 1.646232E-22 1.000000E+00 5.686505E+01 2.627213E+01
3.297455E-12 4.020249E+00 4.620506E-01 9.320151E+02 5.183876E-01 0.000000E+00 2.364372E+01 1.000000E-24 1.000000E-24 1.000000E-24 1.000000E-24 1.000000E-24 1.507451E-22 1.000000E+00 5.686856E+01 2.627355E+01
3.317647E-12 4.060249E+00 4.620468E-01 9.318732E+02 5.188519E-01 0.000000E+00 2.176335E+01 1.000000E-24 1.000000E-24 1.000000E-24 1.000000E-24 1.000000E-24 1.380245E-22 1.000000E+00 5.687210E+01 2.627496E+01
3.340793E-12 4.100249E+00 4.620429E-01 9.317446E+02 5.193451E-01 0.000000E+00 2.005483E+01 1.000000E-24 1.000000E-24 1.000000E-24 1.000000E-24 1.000000E-24 1.263658E-22 1.000000E+00 5.687566E+01 2.627639E+01
3.367217E-12 4.140249E+00 4.620388E-01 9.316283E+02 5.198690E-01 0.000000E+00 1.850246E+01 1.000000E-24 1.000000E-24 1.000000E-24 1.000000E-24 1.000000E-24 1.156807E-22 1.000000E+00 5.687926E+01 2.627782E+01
3.397270E-12 4.180249E+00 4.620347E-01 9.315230E+02 5.204255E-01 0.000000E+00 1.709185E+01 1.000000E-24 1.000000E-24 1.000000E-24 1.000000E-24 1.000000E-24 1.058882E-22 1.000000E+00 5.688291E+01 2.627927E+01
3.431317E-12 4.220249E+00 4.620304E-01 9.314277E+02 5.210166E-01 0.000000E+00 1.580982E+01 1.000000E-24 1.000000E-24 1.000000E-24 1.000000E-24 1.000000E-24 9.691419E-23 1.000000E+00 5.688659E+01 2.628073E+01
3.469750E-12 4.260249E+00 4.620260E-01 9.313415E+02 5.216443E-01 0.000000E+00 1.464432E+01 1.000000E-24 1.000000E-24 1.000000E-24 1.000000E-24 1.000000E-24 8.869094E-23 1.000000E+00 5.689031E+01 2.628220E+01
3.512986E-12 4.300249E+00 4.620215E-01 9.312635E+02 5.223110E-01 0.000000E+00 1.358438E+01 1.000000E-24 1.000000E-24 1.000000E-24 1.000000E-24 1.000000E-24 8.115586E-23 1.000000E+00 5.689407E+01 2.628369E+01
3.561473E-12 4.340249E+00 4.620167E-01 9.311930E+02 5.230190E-01 0.000000E+00 1.261995E+01 1.000000E-24 1.000000E-24 1.000000E-24 1.000000E-24 1.000000E-24 7.425174E-23 1.000000E+00 5.689787E+01 2.628518E+01
3.615690E-12 4.380249E+00 4.620119E-01 9.311291E+02 5.237707E-01 0.000000E+00 1.174194E+01 1.000000E-24 1.000000E-24 1.000000E-24 1.000000E-24 1.000000E-24 6.792620E-23 1.000000E+00 5.690172E+01 2.628668E+01
3.676157E-12 4.420249E+00 4.620068E-01 9.310713E+02 5.245689E-01 0.000000E+00 1.094209E+01 1.000000E-24 1.000000E-24 1.000000E-24 1.000000E-24 1.000000E-24 6.213104E-23 1.000000E+00 5.690562E+01 2.628820E+01
3.743441E-12 4.460249E+00 4.620016E-01 9.310190E+02 5.254163E-01 0.000000E+00 1.021290E+01 1.000000E-24 1.000000E-24 1.000000E-24 1.000000E-24 1.000000E-24 5.682223E-23 1.000000E+00 5.690957E+01 2.628973E+01
3.818157E-12 4.500249E+00 4.619962E-01 9.309716E+02 5.263158E-01 0.000000E+00 9.547612E+00 1.000000E-24 1.000000E-24 1.000000E-24 1.000000E-24 1.000000E-24 5.195924E-23 1.000000E+00 5.691357E+01 2.629127E+01
3.900978E-12 4.540249E+00 4.619906E-01 9.309286E+02 5.272706E-01 0.000000E+00 8.940099E+00 1.000000E-24 1.000000E-24 1.000000E-24 1.000000E-24 1.000000E-24 4.750493E-23 1.000000E+00 5.691763E+01 2.629284E+01
3.992646E-12 4.580249E+00 4.619848E-01 9.308897E+02 5.282839E-01 0.000000E+00 8.384838E+00 1.000000E-24 1.000000E-24 1.000000E-24 1.000000E-24 1.000000E-24 4.342525E-23 1.000000E+00 5.692174E+01 2.629440E+01
4.093972E-12 4.620249E+00 4.619788E-01 9.308544E+02 5.293593E-01 0.000000E+00 7.876842E+00 1.000000E-24 1.000000E-24 1.000000E-24 1.000000E-24 1.000000E-24 3.968902E-23 1.000000E+00 5.692591E+01 2.629599E+01
4.205852E-12 4.660249E+00 4.619725E-01 9.308224E+02 5.305004E-01 0.000000E+00 7.411618E+00 1.000000E-24 1.000000E-24 1.000000E-24 1.000000E-24 1.000000E-24 3.626763E-23 1.000000E+00 5.693015E+01 2.629760E+01
4.329271E-12 4.700249E+00 4.619659E-01 9.307934E+02 5.317110E-01 0.000000E+00 6.985111E+00 1.000000E-24 1.000000E-24 1.000000E-24 1.000000E-24 1.000000E-24 3.313477E-23 1.000000E+00 5.693445E+01 2.629922E+01
4.465316E-12 4.740249E+00 4.619591E-01 9.307671E+02 5.329953E-01 0.000000E+00 6.593666E+00 1.000000E-24 1.000000E-24 1.000000E-24 1.000000E-24 1.000000E-24 3.026639E-23 1.000000E+00 5.693882E+01 2.630086E+01
4.615187E-12 4.780249E+00 4.619521E-01 9.307432E+02 5.343574E-01 0.000000E+00 6.233987E+00 1.000000E-24 1.000000E-24 1.000000E-24 1.000000E-24 1.000000E-24 2.764044E-23 1.000000E+00 5.694325E+01 2.630250E+01
4.780207E-12 4.820249E+00 4.619447E-01 9.307214E+02 5.358021E-01 0.000000E+00 5.903101E+00 1.000000E-24 1.000000E-24 1.000000E-24 1.000000E-24 1.000000E-24 2.523664E-23 1.000000E+00 5.694776E+01 2.630418E+01
4.961838E-12 4.860249E+00 4.619370E-01 9.307017E+02 5.373339E-01 0.000000E+00 5.598322E+00 1.000000E-24 1.000000E-24 1.000000E-24 1.000000E-24 1.000000E-24 2.303642E-23 1.000000E+00 5.695236E+01 2.630587E+01
5.161694E-12 4.900249E+00 4.619289E-01 9.306838E+02 5.389579E-01 0.000000E+00 5.317231E+00 1.000000E-24 1.000000E-24 1.000000E-24 1.000000E-24 1.000000E-24 2.102277E-23 1.000000E+00 5.695703E+01 2.630758E+01
5.381561E-12 4.940249E+00 4.619205E-01 9.306675E+02 5.406793E-01 0.000000E+00 5.057637E+00 1.000000E-24 1.000000E-24 1.000000E-24 1.000000E-24 1.000000E-24 1.918012E-23 1.000000E+00 5.696180E+01 2.630930E+01
5.623409E-12 4.980249E+00 4.619117E-01 9.306528E+02 5.425038E-01 0.000000E+00 4.817564E+00 1.000000E-24 1.000000E-24 1.000000E-24 1.000000E-24 1.000000E-24 1.749411E-23 1.000000E+00 5.696665E+01 2.631105E+01
5.889422E-12 5.020249E+00 4.619026E-01 9.306393E+02 5.444370E-01 0.000000E+00 4.595225E+00 1.000000E-24 1.000000E-24 1.000000E-24 1.000000E-24 1.000000E-24 1.595166E-23 1.000000E+00 5.697159E+01 2.631282E+01
6.182014E-12 5.060249E+00 4.618930E-01 9.306271E+02 5.464851E-01 0.000000E+00 4.389002E+00 1.000000E-24 1.000000E-24 1.000000E-24 1.000000E-24 1.000000E-24 1.454074E-23 1.000000E+00 5.697664E+01 2.631461E+01
6.503857E-12 5.100249E+00 4.618829E-01 9.306160E+02 5.486545E-01 0.000000E+00 4.197433E+00 1.000000E-24 1.000000E-24 1.000000E-24 1.000000E-24 1.000000E-24 1.325031E-23 1.000000E+00 5.698179E+01 2.631642E+01
6.857914E-12 5.140249E+00 4.618724E-01 9.306059E+02 5.509518E-01 0.000000E+00 4.019194E+00 1.000000E-24 1.000000E-24 1.000000E-24 1.000000E-24 1.000000E-24 1.207026E-23 1.000000E+00 5.698704E+01 2.631826E+01
7.247471E-12 5.180249E+00 4.618614E-01 9.305967E+02 5.533841E-01 0.000000E+00 3.853085E+00 1.000000E-24 1.000000E-24 1.000000E-24 1.000000E-24 1.000000E-24 1.099132E-23 1.000000E+00 5.699241E+01 2.632013E+01
7.676171E-12 5.220249E+00 4.618499E-01 9.305884E+02 5.559586E-01 0.000000E+00 3.698021E+00 1.000000E-24 1.000000E-24 1.000000E-24 1.000000E-24 1.000000E-24 1.000499E-23 1.000000E+00 5.699790E+01 2.632202E+01
8.148063E-12 5.260249E+00 4.618378E-01 9.305808E+02 5.586831E-01 0.000000E+00 3.553018E+00 1.000000E-24 1.000000E-24 1.000000E-24 1.000000E-24 1.000000E-24 9.169235E-24 1.000000E+00 5.700351E+01 2.632394E+01
8.667647E-12 5.300249E+00 4.618252E-01 9.305740E+02 5.615655E-01 0.000000E+00 3.417184E+00 1.000000E-24 1.000000E-24 1.000000E-24 1.000000E-24 1.000000E-24 8.408572E-24 1.000000E+00 5.700926E+01 2.632588E+01
9.239930E-12 5.340249E+00 4.618119E-01 9.305678E+02 5.646143E-01 0.000000E+00 3.289711E+00 1.000000E-24 1.000000E-24 1.000000E-24 1.000000E-24 1.000000E-24 7.714032E-24 1.000000E+00 5.701514E+01 2.632784E+01
9.870492E-12 5.380249E+00 4.617980E-01 9.305622E+02 5.678380E-01 0.000000E+00 3.169866E+00 1.000000E-24 1.000000E-24 1.000000E-24 1.000000E-24 1.000000E-24 7.080053E-24 1.000000E+00 5.702116E+01 2.632984E+01
1.056555E-11 5.420249E+00 4.617834E-01 9.305571E+02 5.712458E-01 0.000000E+00 3.056986E+00 1.000000E-24 1.000000E-24 1.000000E-24 1.000000E-24 1.000000E-24 6.501502E-24 1.000000E+00 5.702732E+01 2.633188E+01
1.133205E-11 5.460249E+00 4.617681E-01 9.305525E+02 5.748471E-01 0.000000E+00 2.950470E+00 1.000000E-24 1.000000E-24 1.000000E-24 1.000000E-24 1.000000E-24 5.973714E-24 1.000000E+00 5.703365E+01 2.633394E+01
1.217775E-11 5.500249E+00 4.617521E-01 9.305483E+02 5.786518E-01 0.000000E+00 2.849770E+00 1.000000E-24 1.000000E-24 1.000000E-24 1.000000E-24 1.000000E-24 5.492386E-24 1.000000E+00 5.704014E+01 2.633604E+01
1.311134E-11 5.540249E+00 4.617352E-01 9.305446E+02 5.826699E-01 0.000000E+00 2.754397E+00 1.000000E-24 1.000000E-24 1.000000E-24 1.000000E-24 1.000000E-24 5.053592E-24 1.000000E+00 5.704679E+01 2.633817E+01
1.414253E-11 5.580249E+00 4.617176E-01 9.305413E+02 5.869122E-01 0.000000E+00 2.663901E+00 1.000000E-24 1.000000E-24 1.000000E-24 1.000000E-24 1.000000E-24 4.653728E-24 1.000000E+00 5.705363E+01 2.634034E+01
1.528226E-11 5.620249E+00 4.616991E-01 9.305383E+02 5.913895E-01 0.000000E+00 2.577878E+00 1.000000E-24 1.000000E-24 1.000000E-24 1.000000E-24 1.000000E-24 4.289497E-24 1.000000E+00 5.706065E+01 2.634254E+01
1.654277E-11 5.660249E+00 4.616796E-01 9.305356E+02 5.961132E-01 0.000000E+00 2.495964E+00 1.000000E-24 1.000000E-24 1.000000E-24 1.000000E-24 1.000000E-24 3.957870E-24 1.000000E+00 5.706786E+01 2.634478E+01
1.793786E-11 5.700249E+00 4.616592E-01 9.305333E+02 6.010951E-01 0.000000E+00 2.417827E+00 1.000000E-24 1.000000E-24 1.000000E-24 1.000000E-24 1.000000E-24 3.656085E-24 1.000000E+00 5.707528E+01 2.634706E+01
1.948304E-11 5.740249E+00 4.616379E-01 9.305313E+02 6.063473E-01 0.000000E+00 2.343170E+00 1.000000E-24 1.000000E-24 1.000000E-24 1.000000E-24 1.000000E-24 3.381599E-24 1.000000E+00 5.708291E+01 2.634939E+01
2.119580E-11 5.780249E+00 4.616154E-01 9.305296E+02 6.118823E-01 0.000000E+00 2.271722E+00 1.000000E-24 1.000000E-24 1.000000E-24 1.000000E-24 1.000000E-24 3.132090E-24 1.000000E+00 5.709075E+01 2.635175E+01
2.309590E-11 5.820249E+00 4.615919E-01 9.305280E+02 6.177132E-01 0.000000E+00 2.203244E+00 1.000000E-24 1.000000E-24 1.000000E-24 1.000000E-24 1.000000E-24 2.905434E-24 1.000000E+00 5.709882E+01 2.635416E+01
2.520567E-11 5.860249E+00 4.615672E-01 9.305267E+02 6.238531E-01 0.000000E+00 2.137516E+00 1.000000E-24 1.000000E-24 1.000000E-24 1.000000E-24 1.000000E-24 2.699682E-24 1.000000E+00 5.710713E+01 2.635662E+01
2.755034E-11 5.900249E+00 4.615413E-01 9.305257E+02 6.303158E-01 0.000000E+00 2.074344E+00 1.000000E-24 1.000000E-24 1.000000E-24 1.000000E-24 1.000000E-24 2.513049E-24 1.000000E+00 5.711569E+01 2.635911E+01
3.015851E-11 5.940249E+00 4.615142E-01 9.305249E+02 6.371154E-01 0.000000E+00 2.013552E+00 1.000000E-24 1.000000E-24 1.000000E-24 1.000000E-24 1.000000E-24 2.343903E-24 1.000000E+00 5.712450E+01 2.636166E+01
3.306257E-11 5.980249E+00 4.614858E-01 9.305243E+02 6.442665E-01 0.000000E+00 1.954983E+00 1.000000E-24 1.000000E-24 1.000000E-24 1.000000E-24 1.000000E-24 2.190742E-24 1.000000E+00 5.713358E+01 2.636426E+01
3.629931E-11 6.020249E+00 4.614560E-01 9.305239E+02 6.517837E-01 0.000000E+00 1.898499E+00 1.000000E-24 1.000000E-24 1.000000E-24 1.000000E-24 1.000000E-24 2.052207E-24 1.000000E+00 5.714294E+01 2.636691E+01
3.991046E-11 6.060249E+00 4.614247E-01 9.305238E+02 6.596824E-01 0.000000E+00 1.843974E+00 1.000000E-24 1.000000E-24 1.000000E-24 1.000000E-24 1.000000E-24 1.927039E-24 1.000000E+00 5.715259E+01 2.636961E+01
4.394344E-11 6.100249E+00 4.613920E-01 9.305238E+02 6.679783E-01 0.000000E+00 1.791297E+00 1.000000E-24 1.000000E-24 1.000000E-24 1.000000E-24 1.000000E-24 1.814093E-24 1.000000E+00 5.716253E+01 2.637237E+01
4.845218E-11 6.140249E+00 4.613578E-01 9.305240E+02 6.766872E-01 0.000000E+00 1.740372E+00 1.000000E-24 1.000000E-24 1.000000E-24 1.000000E-24 1.000000E-24 1.712317E-24 1.000000E+00 5.717278E+01 2.637518E+01
5.349801E-11 6.180249E+00 4.613219E-01 9.305244E+02 6.858255E-01 0.000000E+00 1.691109E+00 1.000000E-24 1.000000E-24 1.000000E-24 1.000000E-24 1.000000E-24 1.620754E-24 1.000000E+00 5.718335E+01 2.637805E+01
5.915070E-11 6.220249E+00 4.612844E-01 9.305250E+02 6.954099E-01 0.000000E+00 1.643434E+00 1.000000E-24 1.000000E-24 1.000000E-24 1.000000E-24 1.000000E-24 1.538525E-24 1.000000E+00 5.719426E+01 2.638098E+01
6.548970E-11 6.260249E+00 4.612451E-01 9.305258E+02 7.054576E-01 0.000000E+00 1.597279E+00 1.000000E-24 1.000000E-24 1.000000E-24 1.000000E-24 1.000000E-24 1.464825E-24 1.000000E+00 5.720550E+01 2.638397E+01
7.260545E-11 6.300249E+00 4.612040E-01 9.305269E+02 7.159858E-01 0.000000E+00 1.552582E+00 1.000000E-24 1.000000E-24 1.000000E-24 1.000000E-24 1.000000E-24 1.398922E-24 1.000000E+00 5.721711E+01 2.638703E+01
8.060088E-11 6.340249E+00 4.611611E-01 9.305280E+02 7.270124E-01 0.000000E+00 1.509293E+00 1.000000E-24 1.000000E-24 1.000000E-24 1.000000E-24 1.000000E-24 1.340142E-24 1.000000E+00 5.722908E+01 2.639015E+01
8.959323E-11 6.380249E+00 4.611162E-01 9.305295E+02 7.385554E-01 0.000000E+00 1.467364E+00 1.000000E-24 1.000000E-24 1.000000E-24 1.000000E-24 1.000000E-24 1.287871E-24 1.000000E+00 5.724142E+01 2.639332E+01
9.971596E-11 6.420249E+00 4.610693E-01 9.305311E+02 7.506334E-01 0.000000E+00 1.426752E+00 1.000000E-24 1.000000E-24 1.000000E-24 1.000000E-24 1.000000E-24 1.241550E-24 1.000000E+00 5.725416E+01 2.639657E+01
1.111210E-10 6.460249E+00 4.610203E-01 9.305330E+02 7.632652E-01 0.000000E+00 1.387423E+00 1.000000E-24 1.000000E-24 1.000000E-24 1.000000E-24 1.000000E-24 1.200663E-24 1.000000E+00 5.726731E+01 2.639989E+01
1.239812E-10 6.500249E+00 4.609691E-01 9.305350E+02 7.764699E-01 0.000000E+00 1.349340E+00 1.000000E-24 1.000000E-24 1.000000E-24 1.000000E-24 1.000000E-24 1.164746E-24 1.000000E+00 5.728086E+01 2.640328E+01
1.384933E-10 6.540249E+00 4.609157E-01 9.305373E+02 7.902672E-01 0.000000E+00 1.312475E+00 1.000000E-24 1.000000E-24 1.000000E-24 1.000000E-24 1.000000E-24 1.133369E-24 1.000000E+00 5.729485E+01 2.640673E+01
1.548812E-10 6.580249E+00 4.608599E-01 9.305399E+02 8.046768E-01 0.000000E+00 1.276797E+00 1.000000E-24 1.000000E-24 1.000000E-24 1.000000E-24 1.000000E-24 1.106143E-24 1.000000E+00 5.730927E+01 2.641027E+01
1.733990E-10 6.620249E+00 4.608018E-01 9.305426E+02 8.197191E-01 0.000000E+00 1.242280E+00 1.000000E-24 1.000000E-24 1.000000E-24 1.000000E-24 1.000000E-24 1.082712E-24 1.000000E+00 5.732415E+01 2.641386E+01
1.943362E-10 6.660249E+00 4.607411E-01 9.305456E+02 8.354146E-01 0.000000E+00 1.208899E+00 1.000000E-24 1.000000E-24 1.000000E-24 1.000000E-24 1.000000E-24 1.062752E-24 1.000000E+00 5.733950E+01 2.641754E+01
2.180211E-10 6.700249E+00 4.606779E-01 9.305489E+02 8.517847E-01 0.000000E+00 1.176628E+00 1.000000E-24 1.000000E-24 1.000000E-24 1.000000E-24 1.000000E-24 1.045969E-24 1.000000E+00 5.735531E+01 2.642130E+01
2.448270E-10 6.740249E+00 4.606120E-01 9.305524E+02 8.688504E-01 0.000000E+00 1.145443E+00 1.000000E-24 1.000000E-24 1.000000E-24 1.000000E-24 1.000000E-24 1.032093E-24 1.000000E+00 5.737162E+01 2.642512E+01
2.751775E-10 6.780249E+00 4.605434E-01 9.305562E+02 8.866339E-01 0.000000E+00 1.115318E+00 1.000000E-24 1.000000E-24 1.000000E-24 1.000000E-24 1.000000E-24 1.020880E-24 1.000000E+00 5.738844E+01 2.642903E+01
3.095534E-10 6.820249E+00 4.604719E-01 9.305603E+02 9.051573E-01 0.000000E+00 1.086229E+00 1.000000E-24 1.000000E-24 1.000000E-24 1.000000E-24 1.000000E-24 1.012108E-24 1.000000E+00 5.740575E+01 2.643301E+01
3.485001E-10 6.860249E+00 4.603974E-01 9.305646E+02 9.244433E-01 0.000000E+00 1.058151E+00 1.000000E-24 1.000000E-24 1.000000E-24 1.000000E-24 1.000000E-24 1.005575E-24 1.000000E+00 5.742361E+01 2.643706E+01
3.926361E-10 6.900249E+00 4.603200E-01 9.305693E+02 9.445153E-01 0.000000E+00 1.031056E+00 1.000000E-24 1.000000E-24 1.000000E-24 1.000000E-24 1.000000E-24 1.001098E-24 1.000000E+00 5.744200E+01 2.644119E+01
4.426627E-10 6.940249E+00 4.602394E-01 9.305742E+02 9.653970E-01 0.000000E+00 1.004919E+00 1.000000E-24 1.000000E-24 1.000000E-24 1.000000E-24 1.000000E-24 1.000000E-24 1.000000E+00 5.746094E+01 2.644540E+01
4.993748E-10 6.980249E+00 4.601555E-01 9.305795E+02 9.871125E-01 0.000000E+00 9.797123E-01 1.000000E-24 1.000000E-24 1.000000E-24 1.000000E-24 1.000000E-24 1.000000E-24 1.000000E+00 5.748044E+01 2.644970E+01
5.636725E-10 7.020249E+00 4.600683E-01 9.305850E+02 1.009687E+00 0.000000E+00 9.554083E-01 1.000000E-24 1.000000E-24 1.000000E-24 1.000000E-24 1.000000E-24 1.000000E-24 1.000000E+00 5.750051E+01 2.645406E+01
6.364560E-10 7.060249E+00 4.599140E-01 9.305909E+02 1.033106E+00 0.000000E+00 9.318493E-01 1.000000E-24 1.000000E-24 1.000000E-24 1.000000E-24 1.000000E-24 1.000000E-24 1.000000E+00 5.753725E+01 2.646199E+01
7.185389E-10 7.100249E+00 4.595554E-01 9.305973E+02 1.057307E+00 0.000000E+00 9.087400E-01 1.000000E-24 1.000000E-24 1.000000E-24 1.000000E-24 1.000000E-24 1.000000E-24 1.000000E+00 5.762555E+01 2.648115E+01
8.115314E-10 7.140249E+00 4.591908E-01 9.306040E+02 1.082431E+00 0.000000E+00 8.864579E-01 1.000000E-24 1.000000E-24 1.000000E-24 1.000000E-24 1.000000E-24 1.000000E-24 1.000000E+00 5.771554E+01 2.650074E+01
9.168816E-10 7.180249E+00 4.588205E-01 9.306111E+02 1.108504E+00 0.000000E+00 8.649739E-01 1.000000E-24 1.000000E-24 1.000000E-24 1.000000E-24 1.000000E-24 1.000000E-24 1.000000E+00 5.780716E+01 2.652072E+01
1.036228E-09 7.220249E+00 4.584446E-01 9.306184E+02 1.135553E+00 0.000000E+00 8.442590E-01 1.000000E-24 1.000000E-24 1.000000E-24 1.000000E-24 1.000000E-24 1.000000E-24 1.000000E+00 5.790033E+01 2.654107E+01
1.171423E-09 7.260249E+00 4.580636E-01 9.306262E+02 1.163607E+00 0.000000E+00 8.242843E-01 1.000000E-24 1.000000E-24 1.000000E-24 1.000000E-24 1.000000E-24 1.000000E-24 1.000000E+00 5.799497E+01 2.656178E+01
1.324561E-09 7.300249E+00 4.576775E-01 9.306343E+02 1.192695E+00 0.000000E+00 8.050212E-01 1.000000E-24 1.000000E-24 1.000000E-24 1.000000E-24 1.000000E-24 1.000000E-24 1.000000E+00 5.809099E+01 2.658283E+01
1.498009E-09 7.340249E+00 4.572868E-01 9.306428E+02 1.222846E+00 0.000000E+00 7.864415E-01 1.000000E-24 1.000000E-24 1.000000E-24 1.000000E-24 1.000000E-24 1.000000E-24 1.000000E+00 5.818830E+01 2.660418E+01
1.694446E-09 7.380249E+00 4.568918E-01 9.306516E+02 1.254090E+00 0.000000E+00 7.685178E-01 1.000000E-24 1.000000E-24 1.000000E-24 1.000000E-24 1.000000E-24 1.000000E-24 1.000000E+00 5.828680E+01 2.662581E+01
1.916898E-09 7.420249E+00 4.564927E-01 9.306609E+02 1.286460E+00 0.000000E+00 7.512231E-01 1.000000E-24 1.000000E-24 1.000000E-24 1.000000E-24 1.000000E-24 1.000000E-24 1.000000E+00 5.838638E+01 2.664769E+01
2.168785E-09 7.460249E+00 4.560900E-01 9.306705E+02 1.319988E+00 0.000000E+00 7.345313E-01 1.000000E-24 1.000000E-24 1.000000E-24 1.000000E-24 1.000000E-24 1.000000E-24 1.000000E+00 5.848694E+01 2.666980E+01
2.453974E-09 7.500249E+00 4.556839E-01 9.306805E+02 1.354706E+00 0.000000E+00 7.184170E-01 1.000000E-24 1.000000E-24 1.000000E-24 1.000000E-24 1.000000E-24 1.000000E-24 1.000000E+00 5.858835E+01 2.669209E+01
2.776836E-09 7.540249E+00 4.552749E-01 9.306910E+02 1.390649E+00 0.000000E+00 7.028560E-01 1.000000E-24 1.000000E-24 1.000000E-24 1.000000E-24 1.000000E-24 1.000000E-24 1.000000E+00 5.869049E+01 2.671453E+01
3.142308E-09 7.580249E+00 4.548632E-01 9.307019E+02 1.427853E+00 0.000000E+00 6.878245E-01 1.000000E-24 1.000000E-24 1.000000E-24 1.000000E-24 1.000000E-24 1.000000E-24 1.000000E+00 5.879326E+01 2.673709E+01
3.555972E-09 7.620249E+00 4.544492E-01 9.307132E+02 1.466354E+00 0.000000E+00 6.733003E-01 1.000000E-24 1.000000E-24 1.000000E-24 1.000000E-24 1.000000E-24 1.000000E-24 1.000000E+00 5.889652E+01 2.675975E+01
4.024136E-09 7.660249E+00 4.540332E-01 9.307250E+02 1.506188E+00 0.000000E+00 6.592613E-01 1.000000E-24 1.000000E-24 1.000000E-24 1.000000E-24 1.000000E-24 1.000000E-24 1.000000E+00 5.900020E+01 2.678247E+01
4.553928E-09 7.700249E+00 4.536156E-01 9.307372E+02 1.547395E+00 0.000000E+00 6.456873E-01 1.000000E-24 1.000000E-24 1.000000E-24 1.000000E-24 1.000000E-24 1.000000E-24 1.000000E+00 5.910414E+01 2.680520E+01
5.153401E-09 7.740249E+00 4.531966E-01 9.307498E+02 1.590015E+00 0.000000E+00 6.325582E-01 1.000000E-24 1.000000E-24 1.000000E-24 1.000000E-24 1.000000E-24 1.000000E-24 1.000000E+00 5.920827E+01 2.682794E+01
5.831657E-09 7.780249E+00 4.527765E-01 9.307630E+02 1.634089E+00 0.000000E+00 6.198554E-01 1.000000E-24 1.000000E-24 1.000000E-24 1.000000E-24 1.000000E-24 1.000000E-24 1.000000E+00 5.931249E+01 2.685064E+01
6.598975E-09 7.820249E+00 4.523556E-01 9.307766E+02 1.679658E+00 0.000000E+00 6.075607E-01 1.000000E-24 1.000000E-24 1.000000E-24 1.000000E-24 1.000000E-24 1.000000E-24 1.000000E+00 5.941672E+01 2.687331E+01
7.466974E-09 7.860249E+00 4.519340E-01 9.307908E+02 1.726766E+00 0.000000E+00 5.956571E-01 1.000000E-24 1.000000E-24 1.000000E-24 1.000000E-24 1.000000E-24 1.000000E-24 1.000000E+00 5.952091E+01 2.689591E+01
8.448777E-09 7.900249E+00 4.515121E-01 9.308054E+02 1.775458E+00 0.000000E+00 5.841284E-01 1.000000E-24 1.000000E-24 1.000000E-24 1.000000E-24 1.000000E-24 1.000000E-24 1.000000E+00 5.962500E+01 2.691844E+01
9.559209E-09 7.940249E+00 4.510897E-01 9.308206E+02 1.825781E+00 0.000000E+00 5.729588E-01 1.000000E-24 1.000000E-24 1.000000E-24 1.000000E-24 1.000000E-24 1.000000E-24 1.000000E+00 5.972899E+01 2.694088E+01
1.081502E-08 7.980249E+00 4.506671E-01 9.308363E+02 1.877781E+00 0.000000E+00 5.621334E-01 1.000000E-24 1.000000E-24 1.000000E-24 1.000000E-24 1.000000E-24 1.000000E-24 1.000000E+00 5.983291E+01 2.696328E+01
1.223511E-08 8.020249E+00 4.502442E-01 9.308526E+02 1.931508E+00 0.000000E+00 5.516381E-01 1.000000E-24 1.000000E-24 1.000000E-24 1.000000E-24 1.000000E-24 1.000000E-24 1.000000E+00 5.993674E+01 2.698562E+01
1.384159E-08 8.060249E+00 4.498371E-01 9.308697E+02 1.987015E+00 0.000000E+00 5.414691E-01 1.000000E-24 1.000000E-24 1.000000E-24 1.000000E-24 1.000000E-24 1.000000E-24 1.000000E+00 6.004183E+01 2.700862E+01
1.565827E-08 8.100249E+00 4.494332E-01 9.308877E+02 2.044329E+00 0.000000E+00 5.315865E-01 1.000000E-24 1.000000E-24 1.000000E-24 1.000000E-24 1.000000E-24 1.000000E-24 1.000000E+00 6.015356E+01 2.703362E+01
1.771079E-08 8.140249E+00 4.490013E-01 9.309063E+02 2.103482E+00 0.000000E+00 5.219503E-01 1.000000E-24 1.000000E-24 1.000000E-24 1.000000E-24 1.000000E-24 1.000000E-24 1.000000E+00 6.027289E+01 2.706025E+01
2.002920E-08 8.180249E+00 4.485387E-01 9.309256E+02 2.164522E+00 0.000000E+00 5.125459E-01 1.000000E-24 1.000000E-24 1.000000E-24 1.000000E-24 1.000000E-24 1.000000E-24 1.000000E+00 6.040053E+01 2.708871E+01
2.264734E-08 8.220249E+00 4.480425E-01 9.309455E+02 2.227498E+00 0.000000E+00 5.033588E-01 1.000000E-24 1.000000E-24 1.000000E-24 1.000000E-24 1.000000E-24 1.000000E-24 1.000000E+00 6.053736E+01 2.711920E+01
2.560319E-08 8.260249E+00 4.475097E-01 9.309660E+02 2.292458E+00 0.000000E+00 4.943750E-01 1.000000E-24 1.000000E-24 1.000000E-24 1.000000E-24 1.000000E-24 1.000000E-24 1.000000E+00 6.068422E+01 2.715189E+01
2.893944E-08 8.300249E+00 4.469370E-01 9.309872E+02 2.359453E+00 0.000000E+00 4.855807E-01 1.000000E-24 1.000000E-24 1.000000E-24 1.000000E-24 1.000000E-24 1.000000E-24 1.000000E+00 6.084205E+01 2.718701E+01
3.270397E-08 8.340249E+00 4.463207E-01 9.310091E+02 2.428531E+00 0.000000E+00 4.769624E-01 1.000000E-24 1.000000E-24 1.000000E-24 1.000000E-24 1.000000E-24 1.000000E-24 1.000000E+00 6.101183E+01 2.722477E+01
3.695048E-08 8.380249E+00 4.456570E-01 9.310315E+02 2.499744E+00 0.000000E+00 4.685068E-01 1.000000E-24 1.000000E-24 1.000000E-24 1.000000E-24 1.000000E-24 1.000000E-24 1.000000E+00 6.119455E+01 2.726537E+01
4.173914E-08 8.420249E+00 4.449418E-01 9.310548E+02 2.573143E+00 0.000000E+00 4.602009E-01 1.000000E-24 1.000000E-24 1.000000E-24 1.000000E-24 1.000000E-24 1.000000E-24 1.000000E+00 6.139122E+01 2.730900E+01
4.713737E-08 8.460249E+00 4.441708E-01 9.310787E+02 2.648780E+00 0.000000E+00 4.520322E-01 1.000000E-24 1.000000E-24 1.000000E-24 1.000000E-24 1.000000E-24 1.000000E-24 1.000000E+00 6.160285E+01 2.735586E+01
5.322058E-08 8.500249E+00 4.433395E-01 9.311033E+02 2.726708E+00 0.000000E+00 4.439883E-01 1.000000E-24 1.000000E-24 1.000000E-24 1.000000E-24 1.000000E-24 1.000000E-24 1.000000E+00 6.183042E+01 2.740608E+01
6.007314E-08 8.540249E+00 4.424432E-01 9.311285E+02 2.806979E+00 0.000000E+00 4.360576E-01 1.000000E-24 1.000000E-24 1.000000E-24 1.000000E-24 1.000000E-24 1.000000E-24 1.000000E+00 6.207485E+01 2.745981E+01
6.778929E-08 8.580249E+00 4.414770E-01 9.311544E+02 2.889646E+00 0.000000E+00 4.282287E-01 1.000000E-24 1.000000E-24 1.000000E-24 1.000000E-24 1.000000E-24 1.000000E-24 1.000000E+00 6.233700E+01 2.751709E+01
7.647427E-08 8.620249E+00 4.404363E-01 9.311811E+02 2.974766E+00 0.000000E+00 4.204912E-01 1.000000E-24 1.000000E-24 1.000000E-24 1.000000E-24 1.000000E-24 1.000000E-24 1.000000E+00 6.261761E+01 2.757799E+01
8.632293E-08 8.660249E+00 4.395962E-01 9.312091E+02 3.062924E+00 0.000000E+00 4.133295E-01 1.000000E-24 1.000000E-24 1.000000E-24 1.000000E-24 1.000000E-24 1.000000E-24 1.000000E+00 6.283757E+01 2.762223E+01
9.748409E-08 8.700249E+00 4.389130E-01 9.312383E+02 3.154156E+00 0.000000E+00 4.066346E-01 1.000000E-24 1.000000E-24 1.000000E-24 1.000000E-24 1.000000E-24 1.000000E-24 1.000000E+00 6.301084E+01 2.765399E+01
1.100776E-07 8.740249E+00 4.382144E-01 9.312684E+02 3.248224E+00 0.000000E+00 4.000903E-01 1.000000E-24 1.000000E-24 1.000000E-24 1.000000E-24 1.000000E-24 1.000000E-24 1.000000E+00 6.318691E+01 2.768596E+01
1.242861E-07 8.780249E+00 4.375000E-01 9.312993E+02 3.345211E+00 0.000000E+00 3.936917E-01 1.000000E-24 1.000000E-24 1.000000E-24 1.000000E-24 1.000000E-24 1.000000E-24 1.000000E+00 6.336584E+01 2.771816E+01
1.403149E-07 8.820249E+00 4.367694E-01 9.313310E+02 3.445202E+00 0.000000E+00 3.874341E-01 1.000000E-24 1.000000E-24 1.000000E-24 1.000000E-24 1.000000E-24 1.000000E-24 1.000000E+00 6.354776E+01 2.775061E+01
1.583957E-07 8.860249E+00 4.360222E-01 9.313637E+02 3.548283E+00 0.000000E+00 3.813131E-01 1.000000E-24 1.000000E-24 1.000000E-24 1.000000E-24 1.000000E-24 1.000000E-24 1.000000E+00 6.373286E+01 2.778338E+01
1.787890E-07 8.900249E+00 4.352579E-01 9.313973E+02 3.654544E+00 0.000000E+00 3.753250E-01 1.000000E-24 1.000000E-24 1.000000E-24 1.000000E-24 1.000000E-24 1.000000E-24 1.000000E+00 6.392148E+01 2.781656E+01
2.017882E-07 8.940249E+00 4.344760E-01 9.314318E+02 3.764076E+00 0.000000E+00 3.694662E-01 1.000000E-24 1.000000E-24 1.000000E-24 1.000000E-24 1.000000E-24 1.000000E-24 1.000000E+00 6.411415E+01 2.785035E+01
2.277235E-07 8.980249E+00 4.336759E-01 9.314672E+02 3.876975E+00 0.000000E+00 3.637336E-01 1.000000E-24 1.000000E-24 1.000000E-24 1.000000E-24 1.000000E-24 1.000000E-24 1.000000E+00 6.431168E+01 2.788508E+01
2.569666E-07 9.020249E+00 4.328568E-01 9.315037E+02 3.993334E+00 0.000000E+00 3.581241E-01 1.000000E-24 1.000000E-24 1.000000E-24 1.000000E-24 1.000000E-24 1.000000E-24 1.000000E+00 6.451531E+01 2.792120E+01
2.899349E-07 9.060249E+00 4.320180E-01 9.315411E+02 4.113256E+00 0.000000E+00 3.526351E-01 1.000000E-24 1.000000E-24 1.000000E-24 1.000000E-24 1.000000E-24 1.000000E-24 1.000000E+00 6.472695E+01 2.795950E+01
3.270980E-07 9.100249E+00 4.311582E-01 9.315795E+02 4.236840E+00 0.000000E+00 3.472634E-01 1.000000E-24 1.000000E-24 1.000000E-24 1.000000E-24 1.000000E-24 1.000000E-24 1.000000E+00 6.494937E+01 2.800108E+01
3.689829E-07 9.140249E+00 4.302761E-01 9.316190E+02 4.364190E+00 0.000000E+00 3.420052E-01 1.000000E-24 1.000000E-24 1.000000E-24 1.000000E-24 1.000000E-24 1.000000E-24 1.000000E+00 6.518671E+01 2.804766E+01
4.155549E-07 9.180249E+00 4.290292E-01 9.316599E+02 4.493623E+00 0.000000E+00 3.343328E-01 1.000000E-24 1.000000E-24 1.000000E-24 1.000000E-24 1.000000E-24 1.000000E-24 1.000000E+00 6.643330E+01 2.849156E+01
4.674623E-07 9.220249E+00 4.275287E-01 9.317017E+02 4.625948E+00 0.000000E+00 3.248602E-01 1.000000E-24 1.000000E-24 1.000000E-24 1.000000E-24 1.000000E-24 1.000000E-24 1.000000E+00 6.841182E+01 2.922503E+01
5.255017E-07 9.260249E+00 4.258819E-01 9.317443E+02 4.761982E+00 0.000000E+00 3.144385E-01 1.000000E-24 1.000000E-24 1.000000E-24 1.000000E-24 1.000000E-24 1.000000E-24 1.000000E+00 7.076411E+01 3.010586E+01
5.902406E-07 9.300249E+00 4.240365E-01 9.317877E+02 4.901750E+00 0.000000E+00 3.029174E-01 1.000000E-24 1.000000E-24 1.000000E-24 1.000000E-24 1.000000E-24 1.000000E-24 1.000000E+00 7.352981E+01 3.114713E+01
6.621860E-07 9.340249E+00 4.219082E-01 9.318315E+02 5.045190E+00 0.000000E+00 2.901185E-01 1.000000E-24 1.000000E-24 1.000000E-24 1.000000E-24 1.000000E-24 1.000000E-24 1.000000E+00 7.676279E+01 3.236574E+01
7.412560E-07 9.380249E+00 4.190785E-01 9.318765E+02 5.190286E+00 0.000000E+00 2.774319E-01 1.000000E-24 1.000000E-24 1.000000E-24 1.000000E-24 1.000000E-24 1.000000E-24 1.000000E+00 8.008176E+01 3.355690E+01
8.286034E-07 9.420249E+00 4.155094E-01 9.319243E+02 5.335102E+00 0.000000E+00 2.702880E-01 1.000000E-24 1.000000E-24 1.000000E-24 1.000000E-24 1.000000E-24 1.000000E-24 1.000000E+00 8.181761E+01 3.398527E+01
9.281435E-07 9.460249E+00 4.125941E-01 9.319725E+02 5.487282E+00 0.000000E+00 2.640349E-01 1.000000E-24 1.000000E-24 1.000000E-24 1.000000E-24 1.000000E-24 1.000000E-24 1.000000E+00 8.320941E+01 3.432336E+01
1.041407E-06 9.500249E+00 4.102147E-01 9.320215E+02 5.646498E+00 0.000000E+00 2.583809E-01 1.000000E-24 1.000000E-24 1.000000E-24 1.000000E-24 1.000000E-24 1.000000E-24 1.000000E+00 8.434555E+01 3.459887E+01
1.174795E-06 9.540249E+00 4.094113E-01 9.320728E+02 5.817440E+00 0.000000E+00 2.547404E-01 1.000000E-24 1.000000E-24 1.000000E-24 1.000000E-24 1.000000E-24 1.000000E-24 1.000000E+00 8.443745E+01 3.457041E+01
1.325860E-06 9.580249E+00 4.087393E-01 9.321256E+02 5.994220E+00 0.000000E+00 2.514436E-01 1.000000E-24 1.000000E-24 1.000000E-24 1.000000E-24 1.000000E-24 1.000000E-24 1.000000E+00 8.439932E+01 3.449888E+01
1.496239E-06 9.620249E+00 4.080479E-01 9.321799E+02 6.176345E+00 0.000000E+00 2.482823E-01 1.000000E-24 1.000000E-24 1.000000E-24 1.000000E-24 1.000000E-24 1.000000E-24 1.000000E+00 8.433936E+01 3.441677E+01
1.688380E-06 9.660249E+00 4.073360E-01 9.322358E+02 6.363965E+00 0.000000E+00 2.452378E-01 1.000000E-24 1.000000E-24 1.000000E-24 1.000000E-24 1.000000E-24 1.000000E-24 1.000000E+00 8.426284E+01 3.432617E+01
1.905036E-06 9.700249E+00 4.066028E-01 9.322931E+02 6.557231E+00 0.000000E+00 2.422940E-01 1.000000E-24 1.000000E-24 1.000000E-24 1.000000E-24 1.000000E-24 1.000000E-24 1.000000E+00 8.417377E+01 3.422863E+01
2.149309E-06 9.740249E+00 4.058475E-01 9.323519E+02 6.756300E+00 0.000000E+00 2.394378E-01 1.000000E-24 1.000000E-24 1.000000E-24 1.000000E-24 1.000000E-24 1.000000E-24 1.000000E+00 8.407516E+01 3.412533E+01
2.424687E-06 9.780249E+00 4.050694E-01 9.324123E+02 6.961334E+00 0.000000E+00 2.366583E-01 1.000000E-24 1.000000E-24 1.000000E-24 1.000000E-24 1.000000E-24 1.000000E-24 1.000000E+00 8.396915E+01 3.401708E+01
2.735094E-06 9.820249E+00 4.042675E-01 9.324743E+02 7.172498E+00 0.000000E+00 2.339471E-01 1.000000E-24 1.000000E-24 1.000000E-24 1.000000E-24 1.000000E-24 1.000000E-24 1.000000E+00 8.385727E+01 3.390445E+01
3.084947E-06 9.860249E+00 4.034412E-01 9.325379E+02 7.389961E+00 0.000000E+00 2.312973E-01 1.000000E-24 1.000000E-24 1.000000E-24 1.000000E-24 1.000000E-24 1.000000E-24 1.000000E+00 8.374052E+01 3.378777E+01
3.479210E-06 9.900249E+00 4.025897E-01 9.326032E+02 7.613898E+00 0.000000E+00 2.287036E-01 1.000000E-24 1.000000E-24 1.000000E-24 1.000000E-24 1.000000E-24 1.000000E-24 1.000000E+00 8.361956E+01 3.366725E+01
3.923469E-06 9.940249E+00 4.017123E-01 9.326702E+02 7.844484E+00 0.000000E+00 2.261618E-01 1.000000E-24 1.000000E-24 1.000000E-24 1.000000E-24 1.000000E-24 1.000000E-24 1.000000E+00 8.349475E+01 3.354299E+01
4.423997E-06 9.980249E+00 4.008081E-01 9.327389E+02 8.081902E+00 0.000000E+00 2.236687E-01 1.000000E-24 1.000000E-24 1.000000E-24 1.000000E-24 1.000000E-24 1.000000E-24 1.000000E+00 8.336631E+01 3.341500E+01
4.987952E-06 1.002025E+01 3.998821E-01 9.328095E+02 8.326404E+00 0.000000E+00 2.211147E-01 5.725297E-24 1.000000E-24 1.000000E-24 1.000000E-24 1.000000E-24 1.000000E-24 1.000000E+00 8.323751E+01 3.328534E+01
5.623953E-06 1.006025E+01 3.989672E-01 9.328831E+02 8.578597E+00 0.000000E+00 2.178987E-01 4.020954E-23 1.000000E-24 1.000000E-24 1.000000E-24 1.000000E-24 1.000000E-24 1.000000E+00 8.312555E+01 3.316556E+01
6.340379E-06 1.010025E+01 3.980243E-01 9.329586E+02 8.838246E+00 0.000000E+00 2.147273E-01 7.210319E-23 1.000000E-24 1.000000E-24 1.000000E-24 1.000000E-24 1.000000E-24 1.000000E+00 8.300857E+01 3.304148E+01
7.147293E-06 1.014025E+01 3.970527E-01 9.330360E+02 9.105554E+00 0.000000E+00 2.115983E-01 1.016680E-22 1.000000E-24 1.000000E-24 1.000000E-24 1.000000E-24 1.000000E-24 1.000000E+00 8.288647E+01 3.291300E+01
8.056002E-06 1.018025E+01 3.960515E-01 9.331152E+02 9.380727E+00 0.000000E+00 2.085098E-01 1.291464E-22 1.000000E-24 1.000000E-24 1.000000E-24 1.000000E-24 1.000000E-24 1.000000E+00 8.275921E+01 3.278004E+01
9.079198E-06 1.022025E+01 3.950200E-01 9.331965E+02 9.663973E+00 0.000000E+00 2.054597E-01 1.547633E-22 1.000000E-24 1.000000E-24 1.000000E-24 1.000000E-24 1.000000E-24 1.000000E+00 8.262672E+01 3.264249E+01
1.023114E-05 1.026025E+01 3.939572E-01 9.332797E+02 9.955507E+00 0.000000E+00 2.024459E-01 1.787250E-22 1.000000E-24 1.000000E-24 1.000000E-24 1.000000E-24 1.000000E-24 1.000000E+00 8.248894E+01 3.250026E+01
1.152783E-05 1.030025E+01 3.928622E-01 9.333649E+02 1.025555E+01 0.000000E+00 1.994662E-01 2.012269E-22 1.000000E-24 1.000000E-24 1.000000E-24 1.000000E-24 1.000000E-24 1.000000E+00 8.234580E+01 3.235326E+01
1.298723E-05 1.034025E+01 3.917342E-01 9.334521E+02 1.056431E+01 0.000000E+00 1.965184E-01 2.224485E-22 1.000000E-24 1.000000E-24 1.000000E-24 1.000000E-24 1.000000E-24 1.000000E+00 8.219725E+01 3.220137E+01
1.462948E-05 1.038025E+01 3.905721E-01 9.335414E+02 1.088203E+01 0.000000E+00 1.936003E-01 2.425585E-22 1.000000E-24 1.000000E-24 1.000000E-24 1.000000E-24 1.000000E-24 1.000000E+00 8.204322E+01 3.204451E+01
1.632793E-05 1.042025E+01 3.866114E-01 9.336352E+02 1.118285E+01 0.000000E+00 1.938946E-01 5.425759E-22 1.000000E-24 1.000000E-24 1.000000E-24 1.000000E-24 1.000000E-24 1.000000E+00 8.151875E+01 3.151904E+01
1.805892E-05 1.046025E+01 3.800072E-01 9.337308E+02 1.146452E+01 0.000000E+00 1.972318E-01 1.073744E-21 1.000000E-24 1.000000E-24 1.000000E-24 1.000000E-24 1.000000E-24 1.000000E+00 8.064509E+01 3.064573E+01
2.027045E-05 1.050025E+01 3.778324E-01 9.338288E+02 1.179898E+01 0.000000E+00 1.954424E-01 4.596896E-20 1.000000E-24 1.000000E-24 1.000000E-24 1.000000E-24 1.000000E-24 1.000000E+00 8.036558E+01 3.036690E+01
2.274704E-05 1.054025E+01 3.756004E-01 9.339283E+02 1.214234E+01 0.000000E+00 1.936824E-01 8.820699E-20 1.000000E-24 1.000000E-24 1.000000E-24 1.000000E-24 1.000000E-24 1.000000E+00 8.007897E+01 3.008086E+01
2.551905E-05 1.058025E+01 3.733050E-01 9.340294E+02 1.249469E+01 0.000000E+00 1.919562E-01 1.280403E-19 1.000000E-24 1.000000E-24 1.000000E-24 1.000000E-24 1.000000E-24 1.000000E+00 7.978442E+01 2.978676E+01
2.862055E-05 1.062025E+01 3.709447E-01 9.341320E+02 1.285618E+01 0.000000E+00 1.902632E-01 1.657530E-19 1.000000E-24 1.000000E-24 1.000000E-24 1.000000E-24 1.000000E-24 1.000000E+00 7.948171E+01 2.948442E+01
3.159267E-05 1.066025E+01 3.640566E-01 9.342369E+02 1.317423E+01 0.000000E+00 1.862753E-01 3.498503E-19 1.000000E-24 1.000000E-24 1.000000E-24 1.000000E-24 1.000000E-24 1.000000E+00 7.862532E+01 2.862705E+01
3.515713E-05 1.070025E+01 3.596210E-01 9.343438E+02 1.352804E+01 0.000000E+00 1.826597E-01 1.369140E-11 1.000000E-24 1.000000E-24 1.000000E-24 1.000000E-24 1.000000E-24 1.000000E+00 7.846660E+01 2.821494E+01
3.964140E-05 1.074025E+01 3.589426E-01 9.344555E+02 1.393934E+01 0.000000E+00 1.801541E-01 2.674205E-11 1.000000E-24 1.000000E-24 1.000000E-24 1.000000E-24 1.000000E-24 1.000000E+00 7.925967E+01 2.843952E+01
4.468622E-05 1.078025E+01 3.582229E-01 9.345700E+02 1.436250E+01 0.000000E+00 1.773344E-01 3.135129E-11 1.000000E-24 1.000000E-24 1.000000E-24 1.000000E-24 1.000000E-24 1.000000E+00 8.028814E+01 2.874325E+01
5.036068E-05 1.082025E+01 3.574582E-01 9.346874E+02 1.479799E+01 0.000000E+00 1.742179E-01 3.113595E-11 1.000000E-24 1.000000E-24 1.000000E-24 1.000000E-24 1.000000E-24 1.000000E+00 8.149659E+01 2.910647E+01
5.674201E-05 1.086025E+01 3.566444E-01 9.348078E+02 1.524624E+01 0.000000E+00 1.708833E-01 2.837822E-11 1.000000E-24 1.000000E-24 1.000000E-24 1.000000E-24 1.000000E-24 1.000000E+00 8.283004E+01 2.950960E+01
6.391615E-05 1.090025E+01 3.557769E-01 9.349312E+02 1.570766E+01 0.000000E+00 1.674206E-01 2.449200E-11 1.000000E-24 1.000000E-24 1.000000E-24 1.000000E-24 1.000000E-24 1.000000E+00 8.425310E+01 2.993990E+01
7.197831E-05 1.094025E+01 3.548506E-01 9.350575E+02 1.618263E+01 0.000000E+00 1.638985E-01 2.032656E-11 1.000000E-24 1.000000E-24 1.000000E-24 1.000000E-24 1.000000E-24 1.000000E+00 8.575248E+01 3.039231E+01
8.103384E-05 1.098025E+01 3.538597E-01 9.351868E+02 1.667150E+01 0.000000E+00 1.603591E-01 1.636312E-11 1.000000E-24 1.000000E-24 1.000000E-24 1.000000E-24 1.000000E-24 1.000000E+00 8.733236E+01 3.086786E+01
9.119871E-05 1.102025E+01 3.527978E-01 9.353189E+02 1.717462E+01 0.000000E+00 1.568284E-01 1.284580E-11 1.000000E-24 1.000000E-24 1.000000E-24 1.000000E-24 1.000000E-24 1.000000E+00 8.901638E+01 3.137431E+01
1.025982E-04 1.106025E+01 3.516579E-01 9.354540E+02 1.769235E+01 0.000000E+00 1.533372E-01 9.870200E-12 1.000000E-24 1.000000E-24 1.000000E-24 1.000000E-24 1.000000E-24 1.000000E+00 9.089167E+01 3.194160E+01
1.153543E-04 1.110025E+01 3.504334E-01 9.355918E+02 1.822511E+01 0.000000E+00 1.498434E-01 7.444787E-12 1.000000E-24 1.000000E-24 1.000000E-24 1.000000E-24 1.000000E-24 1.000000E+00 9.337579E+01 3.271538E+01
1.243428E-04 1.114025E+01 3.399249E-01 9.357284E+02 1.860449E+01 0.000000E+00 1.213821E-01 4.634083E-11 1.000000E-24 1.000000E-24 1.000000E-24 1.000000E-24 1.000000E-24 1.000000E+00 1.203253E+02 4.090141E+01
1.389715E-04 1.118025E+01 3.369905E-01 9.358709E+02 1.912870E+01 0.000000E+00 1.192558E-01 1.431826E-09 1.000000E-24 1.000000E-24 1.000000E-24 1.000000E-24 1.000000E-24 1.000000E+00 1.221876E+02 4.117545E+01
1.555048E-04 1.122025E+01 3.343246E-01 9.360145E+02 1.967318E+01 0.000000E+00 1.174644E-01 2.663639E-09 1.000000E-24 1.000000E-24 1.000000E-24 1.000000E-24 1.000000E-24 1.000000E+00 1.229776E+02 4.111779E+01
1.740650E-04 1.126025E+01 3.317059E-01 9.361596E+02 2.023293E+01 0.000000E+00 1.164771E-01 3.856620E-09 1.000000E-24 1.000000E-24 1.000000E-24 1.000000E-24 1.000000E-24 1.000000E+00 1.226933E+02 4.070060E+01
1.948156E-04 1.130025E+01 3.290629E-01 9.363081E+02 2.080764E+01 0.000000E+00 1.157118E-01 3.231563E-07 1.000000E-24 1.000000E-24 1.000000E-24 1.000000E-24 1.000000E-24 9.999997E-01 1.222194E+02 4.021941E+01
2.180134E-04 1.134025E+01 3.264040E-01 9.364618E+02 2.139855E+01 0.000000E+00 1.149781E-01 1.213309E-06 1.000000E-24 1.000000E-24 1.000000E-24 1.000000E-24 1.000000E-24 9.999988E-01 1.217409E+02 3.974092E+01
2.438791E-04 1.138025E+01 3.236748E-01 9.366170E+02 2.200370E+01 0.000000E+00 1.142703E-01 2.112262E-06 1.000000E-24 1.000000E-24 1.000000E-24 1.000000E-24 1.000000E-24 9.999979E-01 1.212498E+02 3.924975E+01
2.727039E-04 1.142025E+01 3.208740E-01 9.367735E+02 2.262322E+01 0.000000E+00 1.135881E-01 3.026881E-06 1.000000E-24 1.000000E-24 1.000000E-24 1.000000E-24 1.000000E-24 9.999970E-01 1.207457E+02 3.874571E+01
3.050804E-04 1.146025E+01 3.182081E-01 9.369359E+02 2.326342E+01 0.000000E+00 1.169614E-01 7.684866E-04 1.000000E-24 1.000000E-24 1.000000E-24 1.000000E-24 1.000000E-24 9.992315E-01 1.203164E+02 3.831637E+01
3.413011E-04 1.150025E+01 3.155648E-01 9.371018E+02 2.392198E+01 0.000000E+00 1.220250E-01 1.878866E-03 1.000000E-24 1.000000E-24 1.000000E-24 1.000000E-24 1.000000E-24 9.981211E-01 1.199140E+02 3.791405E+01
3.816675E-04 1.154025E+01 3.128515E-01 9.372693E+02 2.459651E+01 0.000000E+00 1.269979E-01 3.003247E-03 1.000000E-24 1.000000E-24 1.000000E-24 1.000000E-24 1.000000E-24 9.969968E-01 1.195003E+02 3.750025E+01
4.266278E-04 1.158025E+01 3.100668E-01 9.374380E+02 2.528720E+01 0.000000E+00 1.319069E-01 4.149122E-03 1.000000E-24 1.000000E-24 1.000000E-24 1.000000E-24 1.000000E-24 9.958509E-01 1.190752E+02 3.707514E+01
4.634537E-04 1.162025E+01 3.005078E-01 9.376115E+02 2.580457E+01 0.000000E+00 1.642901E-01 1.607867E-02 1.000000E-24 1.000000E-24 1.000000E-24 1.000000E-24 1.000000E-24 9.839213E-01 1.180565E+02 3.605651E+01
5.003445E-04 1.166025E+01 2.897756E-01 9.377871E+02 2.628832E+01 0.000000E+00 2.317766E-01 5.018005E-02 1.000000E-24 1.000000E-24 1.000000E-24 1.000000E-24 1.000000E-24 9.498200E-01 1.180000E+02 3.600001E+01
5.298953E-04 1.170025E+01 2.750571E-01 9.379578E+02 2.664082E+01 0.000000E+00 2.868785E-01 9.842399E-02 1.000000E-24 1.000000E-24 1.000000E-24 1.000000E-24 1.000000E-24 9.015760E-01 1.180000E+02 3.600000E+01
5.567794E-04 1.174025E+01 2.592528E-01 9.381192E+02 2.693474E+01 0.000000E+00 3.219779E-01 1.502268E-01 1.000000E-24 1.000000E-24 1.000000E-24 1.000000E-24 1.000000E-24 8.497732E-01 1.180000E+02 3.599999E+01
5.830616E-04 1.178025E+01 2.433675E-01 9.382728E+02 2.719512E+01 0.000000E+00 3.401000E-01 2.022916E-01 1.000000E-24 1.000000E-24 1.000000E-24 1.000000E-24 1.000000E-24 7.977084E-01 1.179998E+02 3.599975E+01
6.102726E-04 1.182025E+01 2.280484E-01 9.384179E+02 2.744170E+01 0.000000E+00 3.474308E-01 2.524283E-01 1.000000E-24 1.000000E-24 1.000000E-24 1.000000E-24 1.000000E-24 7.475717E-01 1.179944E+02 3.599440E+01
6.389353E-04 1.186025E+01 2.133942E-01 9.385561E+02 2.767741E+01 0.000000E+00 3.479020E-01 2.991703E-01 1.000000E-24 1.000000E-24 1.000000E-24 1.000000E-24 1.000000E-24 7.008297E-01 1.178977E+02 3.589769E+01
6.673376E-04 1.190025E+01 1.991101E-01 9.386870E+02 2.788855E+01 0.000000E+00 3.440680E-01 3.367943E-01 1.000000E-24 1.000000E-24 1.000000E-24 1.000000E-24 1.000000E-24 6.632057E-01 1.171787E+02 3.517863E+01
6.977096E-04 1.194025E+01 1.856487E-01 9.388117E+02 2.809448E+01 0.000000E+00 3.325640E-01 3.693691E-01 1.000000E-24 1.000000E-24 1.000000E-24 1.000000E-24 1.000000E-24 6.306309E-01 1.162080E+02 3.420800E+01
7.353885E-04 1.198025E+01 1.737386E-01 9.389305E+02 2.833754E+01 0.000000E+00 3.210819E-01 4.073864E-01 1.000000E-24 1.000000E-24 1.000000E-24 1.000000E-24 1.000000E-24 5.926136E-01 1.160112E+02 3.401123E+01
7.784270E-04 1.202025E+01 1.627669E-01 9.390450E+02 2.859246E+01 0.000000E+00 3.098308E-01 4.446826E-01 1.000000E-24 1.000000E-24 1.000000E-24 1.000000E-24 1.000000E-24 5.553174E-01 1.160004E+02 3.400042E+01
8.266307E-04 1.206025E+01 1.525371E-01 9.391556E+02 2.885272E+01 0.000000E+00 2.978628E-01 4.795796E-01 1.000000E-24 1.000000E-24 1.000000E-24 1.000000E-24 1.000000E-24 5.204204E-01 1.160000E+02 3.400002E+01
8.807395E-04 1.210025E+01 1.430018E-01 9.392629E+02 2.911885E+01 0.000000E+00 2.854278E-01 5.121116E-01 1.000000E-24 1.000000E-24 1.000000E-24 1.000000E-24 1.000000E-24 4.878884E-01 1.160000E+02 3.400000E+01
9.416138E-04 1.214025E+01 1.341206E-01 9.393674E+02 2.939167E+01 0.000000E+00 2.728054E-01 5.424119E-01 1.000000E-24 1.000000E-24 1.000000E-24 1.000000E-24 1.000000E-24 4.575881E-01 1.160000E+02 3.400000E+01
1.010179E-03 1.218025E+01 1.258537E-01 9.394693E+02 2.967198E+01 0.000000E+00 2.602007E-01 5.706168E-01 1.000000E-24 1.000000E-24 1.000000E-24 1.000000E-24 1.000000E-24 4.293832E-01 1.160000E+02 3.399998E+01
1.087417E-03 1.222025E+01 1.181620E-01 9.395688E+02 2.996052E+01 0.000000E+00 2.477626E-01 5.968579E-01 1.000000E-24 1.000000E-24 1.000000E-24 1.000000E-24 1.000000E-24 4.031421E-01 1.159999E+02 3.399987E+01
1.174676E-03 1.226025E+01 1.110025E-01 9.396666E+02 3.025750E+01 0.000000E+00 2.355916E-01 6.212790E-01 1.000000E-24 1.000000E-24 1.000000E-24 1.000000E-24 1.000000E-24 3.787210E-01 1.159992E+02 3.399918E+01
1.273672E-03 1.230025E+01 1.043309E-01 9.397644E+02 3.056267E+01 0.000000E+00 2.238206E-01 6.439999E-01 1.000000E-24 1.000000E-24 1.000000E-24 1.000000E-24 1.000000E-24 3.560001E-01 1.159934E+02 3.399340E+01
1.384854E-03 1.234025E+01 9.811942E-02 9.398600E+02 3.087699E+01 0.000000E+00 2.128326E-01 6.649155E-01 1.000000E-24 1.000000E-24 1.000000E-24 1.000000E-24 1.000000E-24 3.350845E-01 1.159525E+02 3.395248E+01
1.509232E-03 1.238025E+01 9.229108E-02 9.399556E+02 3.119568E+01 0.000000E+00 2.032410E-01 6.833172E-01 1.000000E-24 1.000000E-24 1.000000E-24 1.000000E-24 1.000000E-24 3.166828E-01 1.157227E+02 3.372266E+01
1.647831E-03 1.242025E+01 8.682305E-02 9.400509E+02 3.151960E+01 0.000000E+00 1.933810E-01 6.991491E-01 1.000000E-24 1.000000E-24 1.000000E-24 1.000000E-24 1.000000E-24 3.008509E-01 1.152596E+02 3.325953E+01
1.806810E-03 1.246025E+01 8.180385E-02 9.401451E+02 3.186425E+01 0.000000E+00 1.824951E-01 7.151612E-01 1.000000E-24 1.000000E-24 1.000000E-24 1.000000E-24 1.000000E-24 2.848388E-01 1.150371E+02 3.303710E+01
1.989468E-03 1.250025E+01 7.717279E-02 9.402405E+02 3.222572E+01 0.000000E+00 1.723859E-01 7.310858E-01 1.000000E-24 1.000000E-24 1.000000E-24 1.000000E-24 1.000000E-24 2.689142E-01 1.150035E+02 3.300358E+01
2.196150E-03 1.254025E+01 7.285983E-02 9.403361E+02 3.259939E+01 0.000000E+00 1.629434E-01 7.460964E-01 1.000000E-24 1.000000E-24 1.000000E-24 1.000000E-24 1.000000E-24 2.539036E-01 1.150003E+02 3.300034E+01
2.429225E-03 1.258025E+01 6.883359E-02 9.404317E+02 3.298469E+01 0.000000E+00 1.539835E-01 7.601254E-01 1.000000E-24 1.000000E-24 1.000000E-24 1.000000E-24 1.000000E-24 2.398746E-01 1.150000E+02 3.300003E+01
2.694082E-03 1.262025E+01 6.506028E-02 9.405303E+02 3.337974E+01 0.000000E+00 1.454436E-01 7.732748E-01 1.000000E-24 1.000000E-24 1.000000E-24 1.000000E-24 1.000000E-24 2.267252E-01 1.150000E+02 3.300000E+01
2.991148E-03 1.266025E+01 6.153764E-02 9.406278E+02 3.378755E+01 0.000000E+00 1.373388E-01 7.855507E-01 1.000000E-24 1.000000E-24 1.000000E-24 1.000000E-24 1.000000E-24 2.144493E-01 1.150000E+02 3.300000E+01
3.327487E-03 1.270025E+01 5.823219E-02 9.407281E+02 3.420553E+01 0.000000E+00 1.296308E-01 7.970697E-01 1.000000E-24 1.000000E-24 1.000000E-24 1.000000E-24 1.000000E-24 2.029303E-01 1.150000E+02 3.300000E+01
3.707659E-03 1.274025E+01 5.512946E-02 9.408307E+02 3.463394E+01 0.000000E+00 1.223087E-01 8.078822E-01 1.000000E-24 1.000000E-24 1.000000E-24 1.000000E-24 1.000000E-24 1.921178E-01 1.150000E+02 3.300000E+01
4.133923E-03 1.278025E+01 5.222365E-02 9.409332E+02 3.507481E+01 0.000000E+00 1.153735E-01 8.180085E-01 1.000000E-24 1.000000E-24 1.000000E-24 1.000000E-24 1.000000E-24 1.819915E-01 1.150000E+02 3.300000E+01
4.613112E-03 1.282025E+01 4.949488E-02 9.410370E+02 3.552699E+01 0.000000E+00 1.088013E-01 8.275179E-01 1.000000E-24 1.000000E-24 1.000000E-24 1.000000E-24 1.000000E-24 1.724821E-01 1.150000E+02 3.300000E+01
5.157009E-03 1.286025E+01 4.691659E-02 9.411463E+02 3.598703E+01 0.000000E+00 1.025559E-01 8.365028E-01 1.000000E-24 1.000000E-24 1.000000E-24 1.000000E-24 1.000000E-24 1.634972E-01 1.150000E+02 3.300000E+01
5.766498E-03 1.290025E+01 4.449460E-02 9.412561E+02 3.645904E+01 0.000000E+00 9.664829E-02 8.449431E-01 1.000000E-24 1.000000E-24 1.000000E-24 1.000000E-24 1.000000E-24 1.550569E-01 1.150000E+02 3.300000E+01
6.449201E-03 1.294025E+01 4.221696E-02 9.413666E+02 3.694287E+01 0.000000E+00 9.106165E-02 8.528803E-01 1.000000E-24 1.000000E-24 1.000000E-24 1.000000E-24 1.000000E-24 1.471197E-01 1.150000E+02 3.300000E+01
7.213690E-03 1.298025E+01 4.007295E-02 9.414779E+02 3.743843E+01 0.000000E+00 8.577964E-02 8.603519E-01 1.000000E-24 1.000000E-24 1.000000E-24 1.000000E-24 1.000000E-24 1.396481E-01 1.150000E+02 3.300000E+01
8.082126E-03 1.302025E+01 3.803476E-02 9.415968E+02 3.793963E+01 0.000000E+00 8.076029E-02 8.674546E-01 1.000000E-24 1.000000E-24 1.000000E-24 1.000000E-24 1.000000E-24 1.325454E-01 1.150000E+02 3.300000E+01
9.056187E-03 1.306025E+01 3.611398E-02 9.417170E+02 3.845241E+01 0.000000E+00 7.601651E-02 8.741483E-01 1.000000E-24 1.000000E-24 1.000000E-24 1.000000E-24 1.000000E-24 1.258517E-01 1.150000E+02 3.300000E+01
1.014881E-02 1.310025E+01 3.430387E-02 9.418387E+02 3.897731E+01 0.000000E+00 7.153483E-02 8.804562E-01 1.000000E-24 1.000000E-24 1.000000E-24 1.000000E-24 1.000000E-24 1.195438E-01 1.150000E+02 3.300000E+01
1.137570E-02 1.314025E+01 3.259799E-02 9.419618E+02 3.951483E+01 0.000000E+00 6.730149E-02 8.864009E-01 1.000000E-24 1.000000E-24 1.000000E-24 1.000000E-24 1.000000E-24 1.135991E-01 1.150000E+02 3.300000E+01
1.275557E-02 1.318025E+01 3.099098E-02 9.420867E+02 4.006581E+01 0.000000E+00 6.330349E-02 8.920011E-01 1.000000E-24 1.000000E-24 1.000000E-24 1.000000E-24 1.000000E-24 1.079989E-01 1.150000E+02 3.300000E+01
1.431862E-02 1.322025E+01 2.947214E-02 9.422161E+02 4.062859E+01 0.000000E+00 5.951993E-02 8.972940E-01 1.000000E-24 1.000000E-24 1.000000E-24 1.000000E-24 1.000000E-24 1.027060E-01 1.150000E+02 3.300000E+01
1.610204E-02 1.326025E+01 2.803433E-02 9.423520E+02 4.120251E+01 0.000000E+00 5.593350E-02 9.023046E-01 1.000000E-24 1.000000E-24 1.000000E-24 1.000000E-24 1.000000E-24 9.769543E-02 1.150000E+02 3.300000E+01
1.812884E-02 1.330025E+01 2.668724E-02 9.424905E+02 4.179527E+01 0.000000E+00 5.254990E-02 9.069990E-01 1.000000E-24 1.000000E-24 1.000000E-24 1.000000E-24 1.000000E-24 9.300100E-02 1.150000E+02 3.300000E+01
2.044386E-02 1.334025E+01 2.542905E-02 9.426318E+02 4.241001E+01 0.000000E+00 4.935883E-02 9.113836E-01 1.000000E-24 1.000000E-24 1.000000E-24 1.000000E-24 1.000000E-24 8.861642E-02 1.150000E+02 3.300000E+01
2.310430E-02 1.338025E+01 2.425879E-02 9.427765E+02 4.305073E+01 0.000000E+00 4.635071E-02 9.154618E-01 1.000000E-24 1.000000E-24 1.000000E-24 1.000000E-24 1.000000E-24 8.453823E-02 1.150000E+02 3.300000E+01
2.618362E-02 1.342025E+01 2.317625E-02 9.429251E+02 4.372242E+01 0.000000E+00 4.351656E-02 9.192343E-01 1.000000E-24 1.000000E-24 1.000000E-24 1.000000E-24 1.000000E-24 8.076572E-02 1.150000E+02 3.300000E+01
2.977673E-02 1.346025E+01 2.218194E-02 9.430783E+02 4.443127E+01 0.000000E+00 4.084802E-02 9.226993E-01 1.000000E-24 1.000000E-24 1.000000E-24 1.000000E-24 1.000000E-24 7.730071E-02 1.150000E+02 3.300000E+01
3.400656E-02 1.350025E+01 2.127699E-02 9.432372E+02 4.518469E+01 0.000000E+00 3.833728E-02 9.258529E-01 1.000000E-24 1.000000E-24 1.000000E-24 1.000000E-24 1.000000E-24 7.414710E-02 1.150000E+02 3.300000E+01
3.903242E-02 1.354025E+01 2.046309E-02 9.434029E+02 4.599147E+01 0.000000E+00 3.597707E-02 9.286892E-01 1.000000E-24 1.000000E-24 1.000000E-24 1.000000E-24 1.000000E-24 7.131076E-02 1.150000E+02 3.300000E+01
4.507659E-02 1.358025E+01 1.973771E-02 9.435788E+02 4.685812E+01 0.000000E+00 3.375448E-02 9.312170E-01 1.000000E-24 1.000000E-24 1.000000E-24 1.000000E-24 1.000000E-24 6.878293E-02 1.150000E+02 3.300000E+01
5.241999E-02 1.362025E+01 1.910171E-02 9.437677E+02 4.779426E+01 0.000000E+00 3.166078E-02 9.334334E-01 1.000000E-24 1.000000E-24 1.000000E-24 1.000000E-24 1.000000E-24 6.656657E-02 1.150000E+02 3.300000E+01
6.137858E-02 1.366025E+01 1.856594E-02 9.439680E+02 4.881908E+01 0.000000E+00 2.970082E-02 9.353005E-01 1.000000E-24 1.000000E-24 1.000000E-24 1.000000E-24 1.000000E-24 6.469949E-02 1.150000E+02 3.300000E+01
7.238732E-02 1.370025E+01 1.813272E-02 9.441821E+02 4.994636E+01 0.000000E+00 2.786872E-02 9.368102E-01 1.467299E-19 1.000000E-24 1.000000E-24 1.000000E-24 1.000000E-24 6.318977E-02 1.150000E+02 3.300000E+01
8.599706E-02 1.374025E+01 1.780413E-02 9.444126E+02 5.119042E+01 0.000000E+00 2.615878E-02 9.379553E-01 2.837090E-10 1.000000E-24 1.000000E-24 1.000000E-24 1.000000E-24 6.204468E-02 1.150000E+02 3.300000E+01
9.642042E-02 1.378025E+01 1.761354E-02 9.446591E+02 5.259722E+01 0.000000E+00 2.488187E-02 9.581434E-01 7.857154E-03 1.000000E-24 1.000000E-24 1.000000E-24 1.000000E-24 3.399952E-02 8.755569E+01 2.512468E+01
1.063662E-01 1.382025E+01 1.806814E-02 9.448958E+02 5.469953E+01 0.000000E+00 2.337496E-02 9.819319E-01 1.806814E-02 1.000000E-24 1.000000E-24 1.000000E-24 1.000000E-24 1.000000E-24 1.000000E-24 1.000000E-24
1.281883E-01 1.386025E+01 1.991926E-02 9.451441E+02 5.826859E+01 0.000000E+00 2.189914E-02 9.800807E-01 1.991926E-02 1.000000E-24 1.000000E-24 1.000000E-24 1.000000E-24 1.000000E-24 1.000000E-24 1.000000E-24
1.557746E-01 1.390025E+01 2.191060E-02 9.454362E+02 6.202398E+01 0.000000E+00 2.045612E-02 9.780894E-01 2.191060E-02 1.000000E-24 1.000000E-24 1.000000E-24 1.000000E-24 1.000000E-24 1.000000E-24 1.000000E-24
1.902181E-01 1.394025E+01 2.401729E-02 9.457569E+02 6.594489E+01 0.000000E+00 1.909519E-02 9.759827E-01 2.401729E-02 1.000000E-24 1.000000E-24 1.000000E-24 1.000000E-24 1.000000E-24 1.000000E-24 1.000000E-24
2.331888E-01 1.398025E+01 2.622843E-02 9.461093E+02 7.002651E+01 0.000000E+00 1.781366E-02 9.737716E-01 2.622843E-02 1.000000E-24 1.000000E-24 1.000000E-24 1.000000E-24 1.000000E-24 1.000000E-24 1.000000E-24
2.867801E-01 1.402025E+01 2.853148E-02 9.464984E+02 7.426403E+01 0.000000E+00 1.660677E-02 9.714685E-01 2.853148E-02 1.000000E-24 1.000000E-24 1.000000E-24 1.000000E-24 1.000000E-24 1.000000E-24 1.000000E-24
3.538960E-01 1.406025E+01 3.092104E-02 9.469395E+02 7.866001E+01 0.000000E+00 1.546152E-02 9.690790E-01 3.092104E-02 1.000000E-24 1.000000E-24 1.000000E-24 1.000000E-24 1.000000E-24 1.000000E-24 1.000000E-24
4.382540E-01 1.410025E+01 3.339018E-02 9.474474E+02 8.321621E+01 0.000000E+00 1.437063E-02 9.666098E-01 3.339018E-02 1.000000E-24 1.000000E-24 1.000000E-24 1.000000E-24 1.000000E-24 1.000000E-24 1.000000E-24
5.440566E-01 1.414025E+01 3.590797E-02 9.480144E+02 8.791529E+01 0.000000E+00 1.334550E-02 9.640920E-01 3.590797E-02 1.000000E-24 1.000000E-24 1.000000E-24 1.000000E-24 1.000000E-24 1.000000E-24 1.000000E-24
6.775978E-01 1.418025E+01 3.845755E-02 9.486505E+02 9.275284E+01 0.000000E+00 1.238270E-02 9.615425E-01 3.845755E-02 1.000000E-24 1.000000E-24 1.000000E-24 1.000000E-24 1.000000E-24 1.000000E-24 1.000000E-24
8.482427E-01 1.422025E+01 4.103354E-02 9.493793E+02 9.773401E+01 0.000000E+00 1.147494E-02 9.589665E-01 4.103354E-02 1.000000E-24 1.000000E-24 1.000000E-24 1.000000E-24 1.000000E-24 1.000000E-24 1.000000E-24
1.069400E+00 1.426025E+01 4.363141E-02 9.502241E+02 1.028644E+02 0.000000E+00 1.061855E-02 9.563686E-01 4.363141E-02 1.000000E-24 1.000000E-24 1.000000E-24 1.000000E-24 1.000000E-24 1.000000E-24 1.000000E-24
1.359688E+00 1.430025E+01 4.622870E-02 9.511915E+02 1.081356E+02 0.000000E+00 9.817907E-03 9.537713E-01 4.622870E-02 1.000000E-24 1.000000E-24 1.000000E-24 1.000000E-24 1.000000E-24 1.000000E-24 1.000000E-24
1.747535E+00 1.434025E+01 4.882245E-02 9.523120E+02 1.135545E+02 0.000000E+00 9.070699E-03 9.511776E-01 4.882245E-02 1.000000E-24 1.000000E-24 1.000000E-24 1.000000E-24 1.000000E-24 1.000000E-24 1.000000E-24
2.275802E+00 1.438025E+01 5.142961E-02 9.536432E+02 1.191430E+02 0.000000E+00 8.372118E-03 9.485704E-01 5.142961E-02 1.000000E-24 1.000000E-24 1.000000E-24 1.000000E-24 1.000000E-24 1.000000E-24 1.000000E-24
3.005952E+00 1.442025E+01 5.406000E-02 9.552415E+02 1.249173E+02 0.000000E+00 7.721639E-03 9.459400E-01 5.406000E-02 1.000000E-24 1.000000E-24 1.000000E-24 1.000000E-24 1.000000E-24 1.000000E-24 1.000000E-24
4.025485E+00 1.446025E+01 5.671675E-02 9.571718E+02 1.308882E+02 0.000000E+00 7.120235E-03 9.432832E-01 5.671675E-02 1.000000E-24 1.000000E-24 1.000000E-24 1.000000E-24 1.000000E-24 1.000000E-24 1.000000E-24
5.458712E+00 1.450025E+01 5.941616E-02 9.595369E+02 1.370770E+02 0.000000E+00 6.566515E-03 9.405838E-01 5.941616E-02 1.000000E-24 1.000000E-24 1.000000E-24 1.000000E-24 1.000000E-24 1.000000E-24 1.000000E-24
7.479184E+00 1.454025E+01 6.219700E-02 9.624967E+02 1.435223E+02 0.000000E+00 6.057046E-03 9.378030E-01 6.219700E-02 1.000000E-24 1.000000E-24 1.000000E-24 1.000000E-24 1.000000E-24 1.000000E-24 1.000000E-24
1.031623E+01 1.458025E+01 6.505565E-02 9.662058E+02 1.502303E+02 0.000000E+00 5.592541E-03 9.349444E-01 6.505565E-02 1.000000E-24 1.000000E-24 1.000000E-24 1.000000E-24 1.000000E-24 1.000000E-24 1.000000E-24
1.427040E+01 1.462025E+01 6.798392E-02 9.708690E+02 1.572043E+02 0.000000E+00 5.172121E-03 9.320161E-01 6.798392E-02 1.000000E-24 1.000000E-24 1.000000E-24 1.000000E-24 1.000000E-24 1.000000E-24 1.000000E-24
1.972570E+01 1.466025E+01 7.097601E-02 9.767536E+02 1.644496E+02 0.000000E+00 4.793416E-03 9.290240E-01 7.097601E-02 1.000000E-24 1.000000E-24 1.000000E-24 1.000000E-24 1.000000E-24 1.000000E-24 1.000000E-24
2.715761E+01 1.470025E+01 7.401638E-02 9.841739E+02 1.719642E+02 0.000000E+00 4.453805E-03 9.259836E-01 7.401638E-02 1.000000E-24 1.000000E-24 1.000000E-24 1.000000E-24 1.000000E-24 1.000000E-24 1.000000E-24
3.713388E+01 1.474025E+01 7.704025E-02 9.934460E+02 1.797082E+02 0.000000E+00 4.151811E-03 9.229597E-01 7.704025E-02 1.000000E-24 1.000000E-24 1.000000E-24 1.000000E-24 1.000000E-24 1.000000E-24 1.000000E-24
5.032804E+01 1.478025E+01 7.999922E-02 1.004946E+03 1.876536E+02 0.000000E+00 3.884281E-03 9.200008E-01 7.999922E-02 1.000000E-24 1.000000E-24 1.000000E-24 1.000000E-24 1.000000E-24 1.000000E-24 1.000000E-24
6.753154E+01 1.482025E+01 8.288783E-02 1.019119E+03 1.958056E+02 0.000000E+00 3.646946E-03 9.171122E-01 8.288783E-02 1.000000E-24 1.000000E-24 1.000000E-24 1.000000E-24 1.000000E-24 1.000000E-24 1.000000E-24
8.964337E+01 1.486025E+01 8.563606E-02 1.036354E+03 2.041176E+02 0.000000E+00 3.437305E-03 9.143639E-01 8.563606E-02 1.000000E-24 1.000000E-24 1.000000E-24 1.000000E-24 1.000000E-24 1.000000E-24 1.000000E-24
1.177051E+02 1.490025E+01 8.822089E-02 1.057092E+03 2.125781E+02 0.000000E+00 3.251830E-03 9.117791E-01 8.822089E-02 1.000000E-24 1.000000E-24 1.000000E-24 1.000000E-24 1.000000E-24 1.000000E-24 1.000000E-24
1.529208E+02 1.494025E+01 9.064206E-02 1.081791E+03 2.211929E+02 0.000000E+00 3.087085E-03 9.093579E-01 9.064206E-02 1.000000E-24 1.000000E-24 1.000000E-24 1.000000E-24 1.000000E-24 1.000000E-24 1.000000E-24
1.966892E+02 1.498025E+01 9.291873E-02 1.110924E+03 2.299829E+02 0.000000E+00 2.939917E-03 9.070813E-01 9.291873E-02 1.000000E-24 1.000000E-24 1.000000E-24 1.000000E-24 1.000000E-24 1.000000E-24 1.000000E-24
2.506313E+02 1.502025E+01 9.502842E-02 1.144922E+03 2.389346E+02 0.000000E+00 2.807938E-03 9.049716E-01 9.502842E-02 1.000000E-24 1.000000E-24 1.000000E-24 1.000000E-24 1.000000E-24 1.000000E-24 1.000000E-24
3.166605E+02 1.506025E+01 9.697596E-02 1.184251E+03 2.480556E+02 0.000000E+00 2.688766E-03 9.030240E-01 9.697596E-02 1.000000E-24 1.000000E-24 1.000000E-24 1.000000E-24 1.000000E-24 1.000000E-24 1.000000E-24
3.970422E+02 1.510025E+01 9.876474E-02 1.229383E+03 2.573524E+02 0.000000E+00 2.580353E-03 9.012353E-01 9.876474E-02 1.000000E-24 1.000000E-24 1.000000E-24 1.000000E-24 1.000000E-24 1.000000E-24 1.000000E-24
4.944765E+02 1.514025E+01 1.004045E-01 1.280815E+03 2.668366E+02 0.000000E+00 2.480928E-03 8.995955E-01 1.004045E-01 1.000000E-24 1.000000E-24 1.000000E-24 1.000000E-24 1.000000E-24 1.000000E-24 1.000000E-24
6.121946E+02 1.518025E+01 1.019121E-01 1.339071E+03 2.765261E+02 0.000000E+00 2.388992E-03 8.980879E-01 1.019121E-01 1.000000E-24 1.000000E-24 1.000000E-24 1.000000E-24 1.000000E-24 1.000000E-24 1.000000E-24
7.540556E+02 1.522025E+01 1.032624E-01 1.404668E+03 2.864013E+02 0.000000E+00 2.303461E-03 8.967376E-01 1.032624E-01 1.000000E-24 1.000000E-24 1.000000E-24 1.000000E-24 1.000000E-24 1.000000E-24 1.000000E-24
9.247014E+02 1.526025E+01 1.044569E-01 1.478181E+03 2.964648E+02 0.000000E+00 2.223351E-03 8.955431E-01 1.044569E-01 1.000000E-24 1.000000E-24 1.000000E-24 1.000000E-24 1.000000E-24 1.000000E-24 1.000000E-24
1.129706E+03 1.530025E+01 1.054998E-01 1.560235E+03 3.067218E+02 0.000000E+00 2.147870E-03 8.945002E-01 1.054998E-01 1.000000E-24 1.000000E-24 1.000000E-24 1.000000E-24 1.000000E-24 1.000000E-24 1.000000E-24
1.375762E+03 1.534025E+01 1.063996E-01 1.651505E+03 3.171811E+02 0.000000E+00 2.076388E-03 8.936004E-01 1.063996E-01 1.000000E-24 1.000000E-24 1.000000E-24 1.000000E-24 1.000000E-24 1.000000E-24 1.000000E-24
1.670901E+03 1.538025E+01 1.071674E-01 1.752730E+03 3.278549E+02 0.000000E+00 2.008404E-03 8.928326E-01 1.071674E-01 1.000000E-24 1.000000E-24 1.000000E-24 1.000000E-24 1.000000E-24 1.000000E-24 1.000000E-24
2.024757E+03 1.542025E+01 1.078171E-01 1.864719E+03 3.387582E+02 0.000000E+00 1.943522E-03 8.921829E-01 1.078171E-01 1.000000E-24 1.000000E-24 1.000000E-24 1.000000E-24 1.000000E-24 1.000000E-24 1.000000E-24
2.448889E+03 1.546025E+01 1.083631E-01 1.988362E+03 3.499084E+02 0.000000E+00 1.881426E-03 8.916369E-01 1.083631E-01 1.000000E-24 1.000000E-24 1.000000E-24 1.000000E-24 1.000000E-24 1.000000E-24 1.000000E-24
2.957155E+03 1.550025E+01 1.088200E-01 2.124634E+03 3.613240E+02 0.000000E+00 1.821861E-03 8.911800E-01 1.088200E-01 1.000000E-24 1.000000E-24 1.000000E-24 1.000000E-24 1.000000E-24 1.000000E-24 1.000000E-24
3.566183E+03 1.554025E+01 1.092013E-01 2.274607E+03 3.730238E+02 0.000000E+00 1.764618E-03 8.907987E-01 1.092013E-01 1.000000E-24 1.000000E-24 1.000000E-24 1.000000E-24 1.000000E-24 1.000000E-24 1.000000E-24
4.295918E+03 1.558025E+01 1.095191E-01 2.439458E+03 3.850264E+02 0.000000E+00 1.709523E-03 8.904809E-01 1.095191E-01 1.000000E-24 1.000000E-24 1.000000E-24 1.000000E-24 1.000000E-24 1.000000E-24 1.000000E-24
5.170294E+03 1.562025E+01 1.097838E-01 2.620483E+03 3.973500E+02 0.000000E+00 1.656429E-03 8.902162E-01 1.097838E-01 1.000000E-24 1.000000E-24 1.000000E-24 1.000000E-24 1.000000E-24 1.000000E-24 1.000000E-24
6.218037E+03 1.566025E+01 1.100042E-01 2.819107E+03 4.100124E+02 0.000000E+00 1.605209E-03 8.899958E-01 1.100042E-01 1.000000E-24 1.000000E-24 1.000000E-24 1.000000E-24 1.000000E-24 1.000000E-24 1.000000E-24
7.473623E+03 1.570025E+01 1.101924E-01 3.036901E+03 4.230364E+02 0.000000E+00 1.555748E-03 8.898076E-01 1.101924E-01 1.000000E-24 1.000000E-24 1.000000E-24 1.000000E-24 1.000000E-24 1.000000E-24 1.000000E-24
8.978427E+03 1.574025E+01 1.103492E-01 3.275579E+03 4.364322E+02 0.000000E+00 1.507961E-03 8.896508E-01 1.103492E-01 1.000000E-24 1.000000E-24 1.000000E-24 1.000000E-24 1.000000E-24 1.000000E-24 1.000000E-24
1.078212E+04 1.578025E+01 1.104797E-01 3.537031E+03 4.502164E+02 0.000000E+00 1.461760E-03 8.895203E-01 1.104797E-01 1.000000E-24 1.000000E-24 1.000000E-24 1.000000E-24 1.000000E-24 1.000000E-24 1.000000E-24
1.294435E+04 1.582025E+01 1.105884E-01 3.823336E+03 4.644051E+02 0.000000E+00 1.417073E-03 8.894116E-01 1.105884E-01 1.000000E-24 1.000000E-24 1.000000E-24 1.000000E-24 1.000000E-24 1.000000E-24 1.000000E-24
1.553670E+04 1.586025E+01 1.106789E-01 4.136773E+03 4.790145E+02 0.000000E+00 1.373830E-03 8.893211E-01 1.106789E-01 1.000000E-24 1.000000E-24 1.000000E-24 1.000000E-24 1.000000E-24 1.000000E-24 1.000000E-24
1.864513E+04 1.590025E+01 1.107542E-01 4.479851E+03 4.940609E+02 0.000000E+00 1.331970E-03 8.892458E-01 1.107542E-01 1.000000E-24 1.000000E-24 1.000000E-24 1.000000E-24 1.000000E-24 1.000000E-24 1.000000E-24
2.237287E+04 1.594025E+01 1.108169E-01 4.855317E+03 5.095605E+02 0.000000E+00 1.291437E-03 8.891831E-01 1.108169E-01 1.000000E-24 1.000000E-24 1.000000E-24 1.000000E-24 1.000000E-24 1.000000E-24 1.000000E-24
2.684390E+04 1.598025E+01 1.108691E-01 5.266192E+03 5.255296E+02 0.000000E+00 1.252178E-03 8.891309E-01 1.108691E-01 1.000000E-24 1.000000E-24 1.000000E-24 1.000000E-24 1.000000E-24 1.000000E-24 1.000000E-24
3.220705E+04 1.602025E+01 1.109125E-01 5.715787E+03 5.419849E+02 0.000000E+00 1.214148E-03 8.890875E-01 1.109125E-01 1.000000E-24 1.000000E-24 1.000000E-24 1.000000E-24 1.000000E-24 1.000000E-24 1.000000E-24
3.864113E+04 1.606025E+01 1.109486E-01 6.207739E+03 5.589431E+02 0.000000E+00 1.177298E-03 8.890514E-01 1.109486E-01 1.000000E-24 1.000000E-24 1.000000E-24 1.000000E-24 1.000000E-24 1.000000E-24 1.000000E-24
4.636088E+04 1.610025E+01 1.109786E-01 6.746038E+03 5.764214E+02 0.000000E+00 1.141590E-03 8.890214E-01 1.109786E-01 1.000000E-24 1.000000E-24 1.000000E-24 1.000000E-24 1.000000E-24 1.000000E-24 1.000000E-24
5.562423E+04 1.614025E+01 1.110035E-01 7.335057E+03 5.944371E+02 0.000000E+00 1.106983E-03 8.889965E-01 1.110035E-01 1.000000E-24 1.000000E-24 1.000000E-24 1.000000E-24 1.000000E-24 1.000000E-24 1.000000E-24
6.674100E+04 1.618025E+01 1.110243E-01 7.979597E+03 6.130081E+02 0.000000E+00 1.073440E-03 8.889757E-01 1.110243E-01 1.000000E-24 1.000000E-24 1.000000E-24 1.000000E-24 1.000000E-24 1.000000E-24 1.000000E-24
8.008341E+04 1.622025E+01 1.110415E-01 8.684920E+03 6.321527E+02 0.000000E+00 1.040924E-03 8.889585E-01 1.110415E-01 1.000000E-24 1.000000E-24 1.000000E-24 1.000000E-24 1.000000E-24 1.000000E-24 1.000000E-24
