# LS220 equation of state
# Beta-equilibrium 
# temperature T = 0.01 MeV
#
# 1: pressure[MeV/fm3], 
# 2: log10(rho[cgs])
# 3: Y_e
# 4: internal energy [MeV/baryon]
# 5: muhat [MeV]
# 6: sound velocity squared [cm2/s2]
# 7: specific entropy [kB/baryon]
# 8: proton mass fraction Xp
# 9: alpha mass fraction Xalp
# 10: heavy nuclei massfraction Xh
# 11: Z of heavy nuclei
# 12: A of heavy nucleus
#
# ...Loading EOS-table from eos/eos_ls220.txt...
#    nrho, ntemp, nye, nvars =  234 136  50  10
# ...Done reading EOS file...
#
2.958595E-15 3.000000E+00 4.382847E-01 9.315054E+02 5.124980E-01 7.380336E+15 3.104497E+00 1.000000E-24 1.000000E-24 1.000000E+00 2.671280E+01 6.096262E+01
3.323290E-15 3.055794E+00 4.382838E-01 9.315052E+02 5.126317E-01 7.324536E+15 3.023221E+00 1.000000E-24 1.000000E-24 1.000000E+00 2.671284E+01 6.096283E+01
3.737952E-15 3.111588E+00 4.382828E-01 9.315050E+02 5.127774E-01 7.277655E+15 2.944727E+00 1.000000E-24 1.000000E-24 1.000000E+00 2.671289E+01 6.096306E+01
4.209517E-15 3.167382E+00 4.382818E-01 9.315049E+02 5.129360E-01 7.238593E+15 2.868689E+00 1.000000E-24 1.000000E-24 1.000000E+00 2.671293E+01 6.096332E+01
4.745912E-15 3.223176E+00 4.382806E-01 9.315048E+02 5.131088E-01 7.206417E+15 2.794818E+00 1.000000E-24 1.000000E-24 1.000000E+00 2.671299E+01 6.096359E+01
5.356210E-15 3.278970E+00 4.382794E-01 9.315046E+02 5.132969E-01 7.180343E+15 2.722863E+00 1.000000E-24 1.000000E-24 1.000000E+00 2.671304E+01 6.096389E+01
6.050807E-15 3.334764E+00 4.382780E-01 9.315045E+02 5.135018E-01 7.159732E+15 2.652605E+00 1.000000E-24 1.000000E-24 1.000000E+00 2.671310E+01 6.096422E+01
6.841631E-15 3.390558E+00 4.382765E-01 9.315044E+02 5.137249E-01 7.144077E+15 2.583853E+00 1.000000E-24 1.000000E-24 1.000000E+00 2.671317E+01 6.096458E+01
7.742386E-15 3.446352E+00 4.382749E-01 9.315044E+02 5.139679E-01 7.132998E+15 2.516439E+00 1.000000E-24 1.000000E-24 1.000000E+00 2.671324E+01 6.096496E+01
8.768849E-15 3.502146E+00 4.382732E-01 9.315043E+02 5.142324E-01 7.126234E+15 2.450220E+00 1.000000E-24 1.000000E-24 1.000000E+00 2.671332E+01 6.096539E+01
9.939214E-15 3.557940E+00 4.382712E-01 9.315042E+02 5.145205E-01 7.123634E+15 2.385071E+00 1.000000E-24 1.000000E-24 1.000000E+00 2.671341E+01 6.096585E+01
1.127450E-14 3.613734E+00 4.382692E-01 9.315042E+02 5.148341E-01 7.125156E+15 2.320885E+00 1.000000E-24 1.000000E-24 1.000000E+00 2.671350E+01 6.096635E+01
1.279907E-14 3.669528E+00 4.382669E-01 9.315041E+02 5.151755E-01 7.130863E+15 2.257571E+00 1.000000E-24 1.000000E-24 1.000000E+00 2.671360E+01 6.096689E+01
1.454119E-14 3.725322E+00 4.382644E-01 9.315041E+02 5.155472E-01 7.140915E+15 2.195053E+00 1.000000E-24 1.000000E-24 1.000000E+00 2.671371E+01 6.096748E+01
1.653378E-14 3.781116E+00 4.382617E-01 9.315040E+02 5.159519E-01 7.155575E+15 2.133268E+00 1.000000E-24 1.000000E-24 1.000000E+00 2.671383E+01 6.096813E+01
1.881530E-14 3.836910E+00 4.382588E-01 9.315040E+02 5.163924E-01 7.175207E+15 2.072163E+00 1.000000E-24 1.000000E-24 1.000000E+00 2.671397E+01 6.096883E+01
2.143079E-14 3.892704E+00 4.382556E-01 9.315040E+02 5.168718E-01 7.200277E+15 2.011698E+00 1.000000E-24 1.000000E-24 1.000000E+00 2.671411E+01 6.096960E+01
2.443316E-14 3.948498E+00 4.382521E-01 9.315040E+02 5.173936E-01 7.231356E+15 1.951844E+00 1.000000E-24 1.000000E-24 1.000000E+00 2.671426E+01 6.097043E+01
2.788486E-14 4.004292E+00 4.382483E-01 9.315040E+02 5.179614E-01 7.269127E+15 1.892578E+00 1.000000E-24 1.000000E-24 1.000000E+00 2.671443E+01 6.097134E+01
3.185976E-14 4.060086E+00 4.382442E-01 9.315040E+02 5.185793E-01 7.314394E+15 1.833890E+00 1.000000E-24 1.000000E-24 1.000000E+00 2.671462E+01 6.097233E+01
3.644566E-14 4.115880E+00 4.382398E-01 9.315040E+02 5.192516E-01 7.368083E+15 1.775777E+00 1.000000E-24 1.000000E-24 1.000000E+00 2.671482E+01 6.097340E+01
4.174722E-14 4.171674E+00 4.382349E-01 9.315040E+02 5.199830E-01 7.431258E+15 1.718244E+00 1.000000E-24 1.000000E-24 1.000000E+00 2.671504E+01 6.097457E+01
4.788974E-14 4.227468E+00 4.382296E-01 9.315040E+02 5.207787E-01 7.505129E+15 1.661305E+00 1.000000E-24 1.000000E-24 1.000000E+00 2.671527E+01 6.097584E+01
5.502376E-14 4.283262E+00 4.382238E-01 9.315042E+02 5.216441E-01 7.591062E+15 1.604982E+00 1.000000E-24 1.000000E-24 1.000000E+00 2.671553E+01 6.097722E+01
6.333083E-14 4.339056E+00 4.382176E-01 9.315042E+02 5.225852E-01 7.690594E+15 1.549304E+00 1.000000E-24 1.000000E-24 1.000000E+00 2.671581E+01 6.097872E+01
7.303062E-14 4.394850E+00 4.382108E-01 9.315043E+02 5.236086E-01 7.805446E+15 1.494308E+00 1.000000E-24 1.000000E-24 1.000000E+00 2.671612E+01 6.098036E+01
8.438986E-14 4.450644E+00 4.382033E-01 9.315044E+02 5.247212E-01 7.937534E+15 1.440040E+00 1.000000E-24 1.000000E-24 1.000000E+00 2.671645E+01 6.098214E+01
9.773339E-14 4.506438E+00 4.381953E-01 9.315045E+02 5.259305E-01 8.088980E+15 1.386551E+00 1.000000E-24 1.000000E-24 1.000000E+00 2.671681E+01 6.098407E+01
1.134580E-13 4.562232E+00 4.381865E-01 9.315046E+02 5.272448E-01 8.262130E+15 1.333900E+00 1.000000E-24 1.000000E-24 1.000000E+00 2.671721E+01 6.098617E+01
1.320494E-13 4.618026E+00 4.381770E-01 9.315048E+02 5.286729E-01 8.459562E+15 1.282152E+00 1.000000E-24 1.000000E-24 1.000000E+00 2.671763E+01 6.098845E+01
1.541038E-13 4.673820E+00 4.381667E-01 9.315050E+02 5.302243E-01 8.684088E+15 1.231379E+00 1.000000E-24 1.000000E-24 1.000000E+00 2.671810E+01 6.099093E+01
1.803541E-13 4.729614E+00 4.381555E-01 9.315052E+02 5.319092E-01 8.938771E+15 1.181658E+00 1.000000E-24 1.000000E-24 1.000000E+00 2.671860E+01 6.099362E+01
2.117021E-13 4.785408E+00 4.381433E-01 9.315054E+02 5.337386E-01 9.226921E+15 1.133070E+00 1.000000E-24 1.000000E-24 1.000000E+00 2.671914E+01 6.099655E+01
2.492600E-13 4.841202E+00 4.381300E-01 9.315057E+02 5.357244E-01 9.552093E+15 1.085697E+00 1.000000E-24 1.000000E-24 1.000000E+00 2.671974E+01 6.099972E+01
2.943985E-13 4.896996E+00 4.381157E-01 9.315060E+02 5.378794E-01 9.918082E+15 1.039626E+00 1.000000E-24 1.000000E-24 1.000000E+00 2.672038E+01 6.100316E+01
3.488091E-13 4.952790E+00 4.381001E-01 9.315064E+02 5.402172E-01 1.032891E+16 9.949395E-01 1.000000E-24 1.000000E-24 1.000000E+00 2.672108E+01 6.100690E+01
4.145781E-13 5.008584E+00 4.380832E-01 9.315068E+02 5.427524E-01 1.078880E+16 9.517198E-01 1.000000E-24 1.000000E-24 1.000000E+00 2.672184E+01 6.101095E+01
4.942787E-13 5.064378E+00 4.380649E-01 9.315073E+02 5.455009E-01 1.130219E+16 9.100429E-01 1.000000E-24 1.000000E-24 1.000000E+00 2.672266E+01 6.101535E+01
5.910821E-13 5.120172E+00 4.380451E-01 9.315079E+02 5.484792E-01 1.187362E+16 8.699780E-01 1.000000E-24 1.000000E-24 1.000000E+00 2.672355E+01 6.102011E+01
7.088939E-13 5.175966E+00 4.380236E-01 9.315084E+02 5.517054E-01 1.250782E+16 8.315836E-01 1.000000E-24 1.000000E-24 1.000000E+00 2.672451E+01 6.102527E+01
8.525192E-13 5.231760E+00 4.380003E-01 9.315091E+02 5.551985E-01 1.320956E+16 7.949065E-01 1.000000E-24 1.000000E-24 1.000000E+00 2.672556E+01 6.103085E+01
1.027863E-12 5.287554E+00 4.379751E-01 9.315098E+02 5.589789E-01 1.398368E+16 7.599788E-01 1.000000E-24 1.000000E-24 1.000000E+00 2.672669E+01 6.103690E+01
1.242174E-12 5.343348E+00 4.379478E-01 9.315107E+02 5.630681E-01 1.483506E+16 7.268171E-01 1.000000E-24 1.000000E-24 1.000000E+00 2.672791E+01 6.104343E+01
1.504339E-12 5.399142E+00 4.379184E-01 9.315117E+02 5.674891E-01 1.576854E+16 6.954209E-01 1.000000E-24 1.000000E-24 1.000000E+00 2.672923E+01 6.105050E+01
1.825239E-12 5.454936E+00 4.378865E-01 9.315127E+02 5.722661E-01 1.678893E+16 6.657736E-01 1.000000E-24 1.000000E-24 1.000000E+00 2.673066E+01 6.105814E+01
2.218178E-12 5.510730E+00 4.378521E-01 9.315138E+02 5.774248E-01 1.790101E+16 6.378418E-01 1.000000E-24 1.000000E-24 1.000000E+00 2.673220E+01 6.106639E+01
2.699410E-12 5.566524E+00 4.378150E-01 9.315150E+02 5.829924E-01 1.910946E+16 6.115778E-01 1.000000E-24 1.000000E-24 1.000000E+00 2.673386E+01 6.107530E+01
3.288761E-12 5.622318E+00 4.377750E-01 9.315165E+02 5.889972E-01 2.041890E+16 5.869210E-01 1.000000E-24 1.000000E-24 1.000000E+00 2.673566E+01 6.108490E+01
4.010391E-12 5.678112E+00 4.377319E-01 9.315180E+02 5.954694E-01 2.183387E+16 5.638007E-01 1.000000E-24 1.000000E-24 1.000000E+00 2.673759E+01 6.109525E+01
4.893708E-12 5.733906E+00 4.376854E-01 9.315196E+02 6.024402E-01 2.335883E+16 5.421383E-01 1.000000E-24 1.000000E-24 1.000000E+00 2.673968E+01 6.110640E+01
5.974466E-12 5.789700E+00 4.376354E-01 9.315214E+02 6.099428E-01 2.499816E+16 5.218507E-01 1.000000E-24 1.000000E-24 1.000000E+00 2.674192E+01 6.111840E+01
7.296089E-12 5.845494E+00 4.375816E-01 9.315234E+02 6.180115E-01 2.675617E+16 5.028518E-01 1.000000E-24 1.000000E-24 1.000000E+00 2.674433E+01 6.113130E+01
8.911254E-12 5.901288E+00 4.375238E-01 9.315255E+02 6.266821E-01 2.863707E+16 4.850557E-01 1.000000E-24 1.000000E-24 1.000000E+00 2.674692E+01 6.114517E+01
1.088380E-11 5.957082E+00 4.374617E-01 9.315278E+02 6.359920E-01 3.064503E+16 4.683774E-01 1.000000E-24 1.000000E-24 1.000000E+00 2.674971E+01 6.116006E+01
1.329099E-11 6.012876E+00 4.373951E-01 9.315303E+02 6.459800E-01 3.278411E+16 4.527348E-01 1.000000E-24 1.000000E-24 1.000000E+00 2.675269E+01 6.117604E+01
1.622625E-11 6.068670E+00 4.373237E-01 9.315330E+02 6.566863E-01 3.505831E+16 4.380492E-01 1.000000E-24 1.000000E-24 1.000000E+00 2.675589E+01 6.119316E+01
1.980242E-11 6.124464E+00 4.372473E-01 9.315360E+02 6.681525E-01 3.747152E+16 4.242463E-01 1.000000E-24 1.000000E-24 1.000000E+00 2.675932E+01 6.121150E+01
2.415561E-11 6.180258E+00 4.371655E-01 9.315391E+02 6.804216E-01 4.002759E+16 4.112557E-01 1.000000E-24 1.000000E-24 1.000000E+00 2.676299E+01 6.123113E+01
2.944989E-11 6.236052E+00 4.370781E-01 9.315425E+02 6.935379E-01 4.273025E+16 3.990118E-01 1.000000E-24 1.000000E-24 1.000000E+00 2.676691E+01 6.125211E+01
3.588273E-11 6.291845E+00 4.369846E-01 9.315462E+02 7.075470E-01 4.558320E+16 3.874535E-01 1.000000E-24 1.000000E-24 1.000000E+00 2.677110E+01 6.127452E+01
4.369163E-11 6.347639E+00 4.368850E-01 9.315502E+02 7.224961E-01 4.859005E+16 3.765240E-01 1.000000E-24 1.000000E-24 1.000000E+00 2.677557E+01 6.129843E+01
5.316191E-11 6.403433E+00 4.367787E-01 9.315544E+02 7.384334E-01 5.175441E+16 3.661708E-01 1.000000E-24 1.000000E-24 1.000000E+00 2.678033E+01 6.132392E+01
6.463602E-11 6.459227E+00 4.366655E-01 9.315589E+02 7.554084E-01 5.507983E+16 3.563452E-01 1.000000E-24 1.000000E-24 1.000000E+00 2.678541E+01 6.135108E+01
7.852461E-11 6.515021E+00 4.365451E-01 9.315638E+02 7.734722E-01 5.856992E+16 3.470025E-01 1.000000E-24 1.000000E-24 1.000000E+00 2.679081E+01 6.137997E+01
9.531963E-11 6.570815E+00 4.364170E-01 9.315690E+02 7.926769E-01 6.222831E+16 3.381014E-01 1.000000E-24 1.000000E-24 1.000000E+00 2.679655E+01 6.141069E+01
1.156100E-10 6.626609E+00 4.362810E-01 9.315746E+02 8.130760E-01 6.605871E+16 3.296041E-01 1.000000E-24 1.000000E-24 1.000000E+00 2.680265E+01 6.144332E+01
1.401001E-10 6.682403E+00 4.361367E-01 9.315805E+02 8.347247E-01 7.006491E+16 3.214757E-01 1.000000E-24 1.000000E-24 1.000000E+00 2.680912E+01 6.147795E+01
1.696316E-10 6.738197E+00 4.359836E-01 9.315868E+02 8.576790E-01 7.425089E+16 3.136843E-01 1.000000E-24 1.000000E-24 1.000000E+00 2.681598E+01 6.151467E+01
2.052102E-10 6.793991E+00 4.358215E-01 9.315935E+02 8.819971E-01 7.862079E+16 3.062006E-01 1.000000E-24 1.000000E-24 1.000000E+00 2.682325E+01 6.155357E+01
2.480357E-10 6.849785E+00 4.356499E-01 9.316007E+02 9.077381E-01 8.317897E+16 2.989980E-01 1.000000E-24 1.000000E-24 1.000000E+00 2.683095E+01 6.159475E+01
2.995394E-10 6.905579E+00 4.354683E-01 9.316084E+02 9.349631E-01 8.793004E+16 2.920518E-01 1.000000E-24 1.000000E-24 1.000000E+00 2.683909E+01 6.163830E+01
3.614277E-10 6.961373E+00 4.352765E-01 9.316165E+02 9.637349E-01 9.287892E+16 2.853398E-01 1.000000E-24 1.000000E-24 1.000000E+00 2.684769E+01 6.168432E+01
4.357332E-10 7.017167E+00 4.350739E-01 9.316250E+02 9.941181E-01 9.803084E+16 2.788414E-01 1.000000E-24 1.000000E-24 1.000000E+00 2.685677E+01 6.173292E+01
5.248766E-10 7.072961E+00 4.348601E-01 9.316341E+02 1.026179E+00 1.033914E+17 2.725381E-01 1.000000E-24 1.000000E-24 1.000000E+00 2.686636E+01 6.178421E+01
6.317391E-10 7.128755E+00 4.346347E-01 9.316438E+02 1.059987E+00 1.089665E+17 2.664127E-01 1.000000E-24 1.000000E-24 1.000000E+00 2.687647E+01 6.183829E+01
7.597484E-10 7.184549E+00 4.343972E-01 9.316539E+02 1.095612E+00 1.147624E+17 2.604498E-01 1.000000E-24 1.000000E-24 1.000000E+00 2.688712E+01 6.189527E+01
9.129820E-10 7.240343E+00 4.341447E-01 9.316650E+02 1.133112E+00 1.207861E+17 2.546411E-01 1.000000E-24 1.000000E-24 1.000000E+00 2.689808E+01 6.195790E+01
1.096285E-09 7.296137E+00 4.338789E-01 9.316768E+02 1.172575E+00 1.270447E+17 2.489680E-01 1.000000E-24 1.000000E-24 1.000000E+00 2.690961E+01 6.202391E+01
1.315415E-09 7.351931E+00 4.335993E-01 9.316892E+02 1.214080E+00 1.335458E+17 2.434188E-01 1.000000E-24 1.000000E-24 1.000000E+00 2.692173E+01 6.209334E+01
1.577213E-09 7.407725E+00 4.333054E-01 9.317023E+02 1.257708E+00 1.402975E+17 2.379825E-01 1.000000E-24 1.000000E-24 1.000000E+00 2.693447E+01 6.216632E+01
1.889801E-09 7.463519E+00 4.329967E-01 9.317162E+02 1.303543E+00 1.473084E+17 2.326494E-01 1.000000E-24 1.000000E-24 1.000000E+00 2.694786E+01 6.224299E+01
2.262824E-09 7.519313E+00 4.326725E-01 9.317306E+02 1.351671E+00 1.545875E+17 2.274107E-01 1.000000E-24 1.000000E-24 1.000000E+00 2.696192E+01 6.232349E+01
2.707724E-09 7.575107E+00 4.323323E-01 9.317459E+02 1.402185E+00 1.621442E+17 2.222581E-01 1.000000E-24 1.000000E-24 1.000000E+00 2.697667E+01 6.240798E+01
3.238082E-09 7.630901E+00 4.319753E-01 9.317620E+02 1.455177E+00 1.699888E+17 2.171842E-01 1.000000E-24 1.000000E-24 1.000000E+00 2.699215E+01 6.249662E+01
3.870003E-09 7.686695E+00 4.316011E-01 9.317788E+02 1.510745E+00 1.781315E+17 2.121823E-01 1.000000E-24 1.000000E-24 1.000000E+00 2.700838E+01 6.258956E+01
4.622589E-09 7.742489E+00 4.312088E-01 9.317965E+02 1.568991E+00 1.865833E+17 2.072463E-01 1.000000E-24 1.000000E-24 1.000000E+00 2.702540E+01 6.268699E+01
5.518485E-09 7.798283E+00 4.307977E-01 9.318151E+02 1.630021E+00 1.953556E+17 2.023705E-01 1.000000E-24 1.000000E-24 1.000000E+00 2.704322E+01 6.278906E+01
6.584530E-09 7.854077E+00 4.303672E-01 9.318345E+02 1.693945E+00 2.044603E+17 1.975499E-01 1.000000E-24 1.000000E-24 1.000000E+00 2.706189E+01 6.289598E+01
7.852533E-09 7.909871E+00 4.299164E-01 9.318549E+02 1.760878E+00 2.139098E+17 1.927797E-01 1.000000E-24 1.000000E-24 1.000000E+00 2.708144E+01 6.300793E+01
9.360175E-09 7.965665E+00 4.294445E-01 9.318762E+02 1.830939E+00 2.237166E+17 1.880558E-01 1.000000E-24 1.000000E-24 1.000000E+00 2.710190E+01 6.312510E+01
1.164464E-08 8.021459E+00 4.289508E-01 9.318985E+02 1.904252E+00 2.323420E+17 2.852167E-01 1.000000E-24 1.000000E-24 1.000000E+00 2.712331E+01 6.324772E+01
1.386651E-08 8.077253E+00 4.284477E-01 9.319219E+02 1.980967E+00 2.429869E+17 2.819858E-01 1.000000E-24 1.000000E-24 1.000000E+00 2.715882E+01 6.340463E+01
1.650555E-08 8.133047E+00 4.279216E-01 9.319463E+02 2.061200E+00 2.540270E+17 2.788085E-01 1.000000E-24 1.000000E-24 1.000000E+00 2.719598E+01 6.356884E+01
1.963911E-08 8.188841E+00 4.273716E-01 9.319718E+02 2.145094E+00 2.654771E+17 2.756817E-01 1.000000E-24 1.000000E-24 1.000000E+00 2.723485E+01 6.374066E+01
2.335873E-08 8.244635E+00 4.267966E-01 9.319985E+02 2.232795E+00 2.773526E+17 2.726025E-01 1.000000E-24 1.000000E-24 1.000000E+00 2.727550E+01 6.392041E+01
2.777277E-08 8.300429E+00 4.261958E-01 9.320263E+02 2.324455E+00 2.896691E+17 2.695680E-01 1.000000E-24 1.000000E-24 1.000000E+00 2.731801E+01 6.410844E+01
3.300937E-08 8.356223E+00 4.255680E-01 9.320554E+02 2.420234E+00 3.024427E+17 2.665758E-01 1.000000E-24 1.000000E-24 1.000000E+00 2.736247E+01 6.430509E+01
3.922015E-08 8.412017E+00 4.249122E-01 9.320856E+02 2.520297E+00 3.156895E+17 2.636235E-01 1.000000E-24 1.000000E-24 1.000000E+00 2.740896E+01 6.451075E+01
4.658436E-08 8.467811E+00 4.242274E-01 9.321172E+02 2.624817E+00 3.294265E+17 2.607091E-01 1.000000E-24 1.000000E-24 1.000000E+00 2.745757E+01 6.472581E+01
5.531369E-08 8.523605E+00 4.235076E-01 9.321506E+02 2.733901E+00 3.436693E+17 2.578301E-01 1.000000E-24 1.000000E-24 1.000000E+00 2.750796E+01 6.495498E+01
6.565849E-08 8.579399E+00 4.227516E-01 9.321861E+02 2.847724E+00 3.584350E+17 2.549848E-01 1.000000E-24 1.000000E-24 1.000000E+00 2.756019E+01 6.519887E+01
7.791494E-08 8.635193E+00 4.219625E-01 9.322230E+02 2.966546E+00 3.737420E+17 2.521717E-01 1.000000E-24 1.000000E-24 1.000000E+00 2.761480E+01 6.545382E+01
9.243267E-08 8.690987E+00 4.211391E-01 9.322614E+02 3.090567E+00 3.896081E+17 2.493890E-01 1.000000E-24 1.000000E-24 1.000000E+00 2.767189E+01 6.572033E+01
1.096246E-07 8.746781E+00 4.202800E-01 9.323014E+02 3.219997E+00 4.060510E+17 2.466352E-01 1.000000E-24 1.000000E-24 1.000000E+00 2.773157E+01 6.599889E+01
1.299784E-07 8.802575E+00 4.193837E-01 9.323430E+02 3.355054E+00 4.230887E+17 2.439088E-01 1.000000E-24 1.000000E-24 1.000000E+00 2.779395E+01 6.629005E+01
1.540695E-07 8.858369E+00 4.184488E-01 9.323862E+02 3.495962E+00 4.407389E+17 2.412085E-01 1.000000E-24 1.000000E-24 1.000000E+00 2.785917E+01 6.659436E+01
1.825772E-07 8.914163E+00 4.174738E-01 9.324310E+02 3.642959E+00 4.590198E+17 2.385330E-01 1.000000E-24 1.000000E-24 1.000000E+00 2.792734E+01 6.691240E+01
2.163025E-07 8.969957E+00 4.164571E-01 9.324777E+02 3.796288E+00 4.779493E+17 2.358810E-01 1.000000E-24 1.000000E-24 1.000000E+00 2.799860E+01 6.724480E+01
2.561905E-07 9.025751E+00 4.153970E-01 9.325261E+02 3.956205E+00 4.975452E+17 2.332516E-01 1.000000E-24 1.000000E-24 1.000000E+00 2.807310E+01 6.759218E+01
3.033551E-07 9.081545E+00 4.142918E-01 9.325763E+02 4.122973E+00 5.178248E+17 2.306435E-01 1.000000E-24 1.000000E-24 1.000000E+00 2.815099E+01 6.795524E+01
3.591074E-07 9.137339E+00 4.131363E-01 9.326289E+02 4.296793E+00 5.388037E+17 2.280557E-01 1.000000E-24 1.000000E-24 1.000000E+00 2.823208E+01 6.833755E+01
4.249865E-07 9.193133E+00 4.119175E-01 9.326848E+02 4.477684E+00 5.604915E+17 2.254872E-01 1.000000E-24 1.000000E-24 1.000000E+00 2.831547E+01 6.874925E+01
5.028189E-07 9.248927E+00 4.106476E-01 9.327427E+02 4.666235E+00 5.829127E+17 2.229371E-01 1.000000E-24 1.000000E-24 1.000000E+00 2.840266E+01 6.917947E+01
5.947473E-07 9.304721E+00 4.093246E-01 9.328027E+02 4.862751E+00 6.060829E+17 2.204047E-01 1.000000E-24 1.000000E-24 1.000000E+00 2.849381E+01 6.962906E+01
7.032932E-07 9.360515E+00 4.079464E-01 9.328649E+02 5.067549E+00 6.300169E+17 2.178893E-01 1.000000E-24 1.000000E-24 1.000000E+00 2.858912E+01 7.009890E+01
8.314220E-07 9.416309E+00 4.065108E-01 9.329293E+02 5.280957E+00 6.547287E+17 2.153899E-01 1.000000E-24 1.000000E-24 1.000000E+00 2.868877E+01 7.058992E+01
9.826197E-07 9.472103E+00 4.050157E-01 9.329959E+02 5.503315E+00 6.802310E+17 2.129059E-01 1.000000E-24 1.000000E-24 1.000000E+00 2.879297E+01 7.110311E+01
1.160982E-06 9.527897E+00 4.034588E-01 9.330646E+02 5.734980E+00 7.065355E+17 2.104366E-01 1.000000E-24 1.000000E-24 1.000000E+00 2.890195E+01 7.163947E+01
1.371282E-06 9.583691E+00 4.018203E-01 9.331373E+02 5.975826E+00 7.336355E+17 2.079812E-01 1.000000E-24 1.000000E-24 1.000000E+00 2.901414E+01 7.221364E+01
1.619161E-06 9.639485E+00 4.001040E-01 9.332134E+02 6.226358E+00 7.615437E+17 2.055390E-01 1.000000E-24 1.000000E-24 1.000000E+00 2.913038E+01 7.282206E+01
1.911253E-06 9.695279E+00 3.983179E-01 9.332918E+02 6.487246E+00 7.902763E+17 2.031096E-01 1.000000E-24 1.000000E-24 1.000000E+00 2.925197E+01 7.345798E+01
2.255315E-06 9.751073E+00 3.964591E-01 9.333728E+02 6.758894E+00 8.198371E+17 2.006926E-01 1.000000E-24 1.000000E-24 1.000000E+00 2.937917E+01 7.412269E+01
2.660433E-06 9.806867E+00 3.945250E-01 9.334563E+02 7.041722E+00 8.502276E+17 1.982872E-01 1.000000E-24 1.000000E-24 1.000000E+00 2.951225E+01 7.481755E+01
3.137243E-06 9.862661E+00 3.925128E-01 9.335422E+02 7.336166E+00 8.814462E+17 1.958930E-01 1.000000E-24 1.000000E-24 1.000000E+00 2.965150E+01 7.554399E+01
3.697957E-06 9.918455E+00 3.903840E-01 9.336337E+02 7.641445E+00 9.134411E+17 1.935092E-01 1.000000E-24 1.000000E-24 1.000000E+00 2.979308E+01 7.632995E+01
4.357236E-06 9.974249E+00 3.881673E-01 9.337281E+02 7.959011E+00 9.462429E+17 1.911357E-01 1.000000E-24 1.000000E-24 1.000000E+00 2.994088E+01 7.715401E+01
5.132052E-06 1.003004E+01 3.858624E-01 9.338251E+02 8.289442E+00 9.798430E+17 1.887719E-01 1.000000E-24 1.000000E-24 1.000000E+00 3.009560E+01 7.801562E+01
6.042190E-06 1.008584E+01 3.834662E-01 9.339247E+02 8.633233E+00 1.014224E+18 1.864176E-01 1.000000E-24 1.000000E-24 1.000000E+00 3.025758E+01 7.891662E+01
7.110492E-06 1.014163E+01 3.809587E-01 9.340282E+02 8.990224E+00 1.049337E+18 1.840720E-01 1.000000E-24 1.000000E-24 1.000000E+00 3.042493E+01 7.987087E+01
8.363445E-06 1.019742E+01 3.783204E-01 9.341370E+02 9.360189E+00 1.085125E+18 1.817348E-01 1.000000E-24 1.000000E-24 1.000000E+00 3.059572E+01 8.089236E+01
9.832559E-06 1.025322E+01 3.755795E-01 9.342484E+02 9.744891E+00 1.121604E+18 1.794058E-01 1.000000E-24 1.000000E-24 1.000000E+00 3.077463E+01 8.196076E+01
1.155403E-05 1.030901E+01 3.727324E-01 9.343624E+02 1.014488E+01 1.158732E+18 1.770847E-01 1.000000E-24 1.000000E-24 1.000000E+00 3.096209E+01 8.307842E+01
1.356907E-05 1.036481E+01 3.697449E-01 9.344812E+02 1.055930E+01 1.196405E+18 1.747709E-01 1.000000E-24 1.000000E-24 1.000000E+00 3.115357E+01 8.426896E+01
1.592597E-05 1.042060E+01 3.666149E-01 9.346047E+02 1.098865E+01 1.234565E+18 1.724641E-01 1.000000E-24 1.000000E-24 1.000000E+00 3.134958E+01 8.553452E+01
1.868140E-05 1.047639E+01 3.633661E-01 9.347307E+02 1.143479E+01 1.273194E+18 1.701641E-01 1.000000E-24 1.000000E-24 1.000000E+00 3.155512E+01 8.685887E+01
2.189950E-05 1.053219E+01 3.599787E-01 9.348603E+02 1.189747E+01 1.312187E+18 1.678705E-01 1.000000E-24 1.000000E-24 1.000000E+00 3.176753E+01 8.825569E+01
2.565295E-05 1.058798E+01 3.564136E-01 9.349959E+02 1.237524E+01 1.351384E+18 1.655830E-01 1.000000E-24 1.000000E-24 1.000000E+00 3.198013E+01 8.975226E+01
3.002900E-05 1.064378E+01 3.527164E-01 9.351338E+02 1.287138E+01 1.390779E+18 1.633014E-01 1.000000E-24 1.000000E-24 1.000000E+00 3.220330E+01 9.131901E+01
3.512430E-05 1.069957E+01 3.488567E-01 9.352757E+02 1.338485E+01 1.430213E+18 1.610255E-01 1.000000E-24 1.000000E-24 1.000000E+00 3.243108E+01 9.297653E+01
4.104911E-05 1.075536E+01 3.448110E-01 9.354231E+02 1.391482E+01 1.469519E+18 1.587547E-01 1.000000E-24 1.000000E-24 1.000000E+00 3.265883E+01 9.474214E+01
4.793361E-05 1.081116E+01 3.406190E-01 9.355721E+02 1.446480E+01 1.508639E+18 1.564890E-01 1.000000E-24 1.000000E-24 1.000000E+00 3.289823E+01 9.659159E+01
5.591868E-05 1.086695E+01 3.362186E-01 9.357275E+02 1.503081E+01 1.547325E+18 1.542279E-01 1.000000E-24 1.000000E-24 1.000000E+00 3.313094E+01 9.856535E+01
6.517131E-05 1.092275E+01 3.316487E-01 9.358853E+02 1.561669E+01 1.585469E+18 1.519715E-01 1.000000E-24 1.000000E-24 1.000000E+00 3.337124E+01 1.006424E+02
7.587610E-05 1.097854E+01 3.268849E-01 9.360473E+02 1.622090E+01 1.622876E+18 1.497192E-01 1.000000E-24 1.000000E-24 1.000000E+00 3.360953E+01 1.028386E+02
8.824156E-05 1.103433E+01 3.219221E-01 9.362133E+02 1.684369E+01 1.659340E+18 1.474710E-01 1.000000E-24 1.000000E-24 1.000000E+00 3.384538E+01 1.051608E+02
1.025041E-04 1.109013E+01 3.167672E-01 9.363823E+02 1.748610E+01 1.694675E+18 1.452265E-01 1.000000E-24 1.000000E-24 1.000000E+00 3.408016E+01 1.076067E+02
1.189256E-04 1.114592E+01 3.114026E-01 9.365557E+02 1.814662E+01 1.728659E+18 1.429855E-01 1.000000E-24 1.000000E-24 1.000000E+00 3.430496E+01 1.101895E+02
1.378011E-04 1.120172E+01 3.058405E-01 9.367318E+02 1.882686E+01 1.761080E+18 1.407477E-01 1.000000E-24 1.000000E-24 1.000000E+00 3.452372E+01 1.129047E+02
1.594559E-04 1.125751E+01 3.000719E-01 9.369112E+02 1.952581E+01 1.791704E+18 1.385128E-01 1.000000E-24 1.000000E-24 1.000000E+00 3.472969E+01 1.157610E+02
1.842572E-04 1.131330E+01 2.941021E-01 9.370941E+02 2.024317E+01 1.820363E+18 1.362806E-01 1.000000E-24 1.000000E-24 1.000000E+00 3.491662E+01 1.187539E+02
2.125901E-04 1.136910E+01 2.879346E-01 9.372783E+02 2.098102E+01 1.846673E+18 1.340508E-01 1.000000E-24 1.000000E-24 1.000000E+00 3.509486E+01 1.218935E+02
2.449288E-04 1.142489E+01 2.815725E-01 9.374675E+02 2.173453E+01 1.870759E+18 1.318230E-01 1.000000E-24 1.000000E-24 1.000000E+00 3.523138E+01 1.251593E+02
2.817122E-04 1.148069E+01 2.750230E-01 9.376569E+02 2.250879E+01 1.892006E+18 1.295969E-01 1.000000E-24 1.000000E-24 1.000000E+00 3.535458E+01 1.285710E+02
3.234995E-04 1.153648E+01 2.682946E-01 9.378492E+02 2.329985E+01 1.910502E+18 1.273721E-01 1.000000E-24 1.000000E-24 1.000000E+00 3.543757E+01 1.321082E+02
3.708680E-04 1.159227E+01 2.613999E-01 9.380438E+02 2.410803E+01 1.926053E+18 1.251468E-01 1.000000E-24 1.000000E-24 1.000000E+00 3.547774E+01 1.357593E+02
4.243689E-04 1.164807E+01 2.543373E-01 9.382381E+02 2.493506E+01 1.938136E+18 1.229030E-01 1.000000E-24 1.000000E-24 9.999999E-01 3.548735E+01 1.395456E+02
4.847418E-04 1.170386E+01 2.471309E-01 9.384347E+02 2.577719E+01 1.947012E+18 1.205922E-01 1.000000E-24 1.000000E-24 9.999993E-01 3.543825E+01 1.434218E+02
5.527898E-04 1.175966E+01 2.398264E-01 9.386325E+02 2.663612E+01 1.952812E+18 1.167666E-01 1.000000E-24 1.000000E-24 9.999583E-01 3.533389E+01 1.473630E+02
6.293500E-04 1.181545E+01 2.324633E-01 9.388290E+02 2.751463E+01 1.955358E+18 1.118254E-01 1.000000E-24 1.000000E-24 9.991111E-01 3.520183E+01 1.513195E+02
7.156040E-04 1.187124E+01 2.251133E-01 9.390251E+02 2.841304E+01 1.955247E+18 1.055750E-01 1.000000E-24 1.000000E-24 9.966272E-01 3.504691E+01 1.551729E+02
7.944891E-04 1.192704E+01 2.141257E-01 9.392213E+02 2.916586E+01 1.910266E+18 1.266257E-01 1.000000E-24 1.000000E-24 9.755900E-01 3.482244E+01 1.586618E+02
8.509898E-04 1.198283E+01 1.982463E-01 9.394109E+02 2.966896E+01 1.805023E+18 1.271499E-01 1.000000E-24 1.000000E-24 9.247607E-01 3.457068E+01 1.612825E+02
9.030977E-04 1.203863E+01 1.823111E-01 9.395881E+02 3.011515E+01 1.695197E+18 1.172539E-01 1.000000E-24 1.000000E-24 8.676953E-01 3.435113E+01 1.634928E+02
9.550118E-04 1.209442E+01 1.671690E-01 9.397569E+02 3.053598E+01 1.592126E+18 1.081570E-01 1.000000E-24 1.000000E-24 8.102817E-01 3.413897E+01 1.654951E+02
1.007553E-03 1.215021E+01 1.530430E-01 9.399146E+02 3.094791E+01 1.496359E+18 1.002196E-01 1.000000E-24 1.000000E-24 7.553697E-01 3.392026E+01 1.674359E+02
1.063061E-03 1.220601E+01 1.399455E-01 9.400625E+02 3.135374E+01 1.408095E+18 9.298054E-02 1.000000E-24 1.000000E-24 7.034009E-01 3.369031E+01 1.693374E+02
1.141585E-03 1.226180E+01 1.278537E-01 9.402034E+02 3.175352E+01 1.327684E+18 8.619406E-02 1.000000E-24 1.000000E-24 6.543655E-01 3.344534E+01 1.711919E+02
1.228661E-03 1.231760E+01 1.167224E-01 9.403361E+02 3.215114E+01 1.253575E+18 7.983331E-02 1.000000E-24 1.000000E-24 6.085340E-01 3.318450E+01 1.730308E+02
1.325280E-03 1.237339E+01 1.064863E-01 9.404615E+02 3.254661E+01 1.184855E+18 7.386926E-02 1.000000E-24 1.000000E-24 5.657530E-01 3.290680E+01 1.748549E+02
1.432195E-03 1.242918E+01 9.707577E-02 9.405801E+02 3.293942E+01 1.120428E+18 6.831286E-02 1.000000E-24 1.000000E-24 5.258290E-01 3.261209E+01 1.766640E+02
1.550557E-03 1.248498E+01 8.842458E-02 9.406932E+02 3.332727E+01 1.059562E+18 6.314094E-02 1.000000E-24 1.000000E-24 4.884578E-01 3.229995E+01 1.784402E+02
1.681518E-03 1.254077E+01 8.046934E-02 9.408022E+02 3.370709E+01 1.001487E+18 5.823366E-02 1.000000E-24 1.000000E-24 4.533354E-01 3.196989E+01 1.801567E+02
1.823588E-03 1.259657E+01 7.313566E-02 9.409051E+02 3.407821E+01 9.441586E+17 5.367656E-02 1.000000E-24 1.000000E-24 4.203416E-01 3.162699E+01 1.818336E+02
1.974660E-03 1.265236E+01 6.635881E-02 9.410009E+02 3.443824E+01 8.859705E+17 4.943469E-02 1.000000E-24 1.000000E-24 3.892638E-01 3.127876E+01 1.834873E+02
2.139484E-03 1.270815E+01 6.011477E-02 9.410964E+02 3.477559E+01 8.284407E+17 4.539796E-02 1.000000E-24 1.000000E-24 3.594721E-01 3.091788E+01 1.849601E+02
2.308080E-03 1.276395E+01 5.432028E-02 9.411839E+02 3.509311E+01 7.675648E+17 4.163663E-02 1.000000E-24 1.000000E-24 3.311389E-01 3.056690E+01 1.863864E+02
2.482296E-03 1.281974E+01 4.895882E-02 9.412689E+02 3.537895E+01 7.045004E+17 3.806238E-02 1.000000E-24 1.000000E-24 3.037673E-01 3.022527E+01 1.876231E+02
2.651150E-03 1.287554E+01 4.397700E-02 9.413467E+02 3.563157E+01 6.370053E+17 3.470617E-02 1.000000E-24 1.000000E-24 2.773917E-01 2.991450E+01 1.887435E+02
2.814368E-03 1.293133E+01 3.936658E-02 9.414227E+02 3.583900E+01 5.666703E+17 3.149401E-02 1.000000E-24 1.000000E-24 2.517031E-01 2.963348E+01 1.895823E+02
2.948632E-03 1.298712E+01 3.508718E-02 9.414873E+02 3.600606E+01 4.907065E+17 2.852213E-02 1.000000E-24 1.000000E-24 2.270001E-01 2.943115E+01 1.904117E+02
3.344764E-03 1.304292E+01 3.500000E-02 9.415521E+02 3.616654E+01 4.767877E+17 2.745287E-02 1.000000E-24 1.000000E-24 2.274775E-01 2.984635E+01 1.939820E+02
3.789452E-03 1.309871E+01 3.500000E-02 9.416167E+02 3.630048E+01 4.638328E+17 2.642659E-02 1.000000E-24 1.000000E-24 2.279554E-01 3.036133E+01 1.977437E+02
4.281573E-03 1.315451E+01 3.500000E-02 9.416811E+02 3.640755E+01 4.520133E+17 2.540345E-02 1.000000E-24 1.000000E-24 2.278839E-01 3.096860E+01 2.016356E+02
4.828610E-03 1.321030E+01 3.500000E-02 9.417449E+02 3.649046E+01 4.438092E+17 2.438608E-02 1.000000E-24 1.000000E-24 2.273070E-01 3.166679E+01 2.056595E+02
5.443842E-03 1.326609E+01 3.500000E-02 9.418082E+02 3.655516E+01 4.428860E+17 2.338090E-02 1.000000E-24 1.000000E-24 2.263319E-01 3.244760E+01 2.098265E+02
6.151124E-03 1.332189E+01 3.500000E-02 9.418710E+02 3.661170E+01 4.543879E+17 2.239764E-02 1.000000E-24 1.000000E-24 2.251323E-01 3.329449E+01 2.141618E+02
6.992499E-03 1.337768E+01 3.500000E-02 9.419336E+02 3.667515E+01 4.852261E+17 2.144838E-02 1.000000E-24 1.000000E-24 2.239471E-01 3.418158E+01 2.187105E+02
8.039894E-03 1.343348E+01 3.500000E-02 9.419965E+02 3.676639E+01 5.443668E+17 2.054667E-02 1.000000E-24 1.000000E-24 2.230788E-01 3.507234E+01 2.235399E+02
9.412631E-03 1.348927E+01 3.500000E-02 9.420606E+02 3.691309E+01 6.431373E+17 1.970684E-02 1.000000E-24 1.000000E-24 2.228988E-01 3.591717E+01 2.287398E+02
1.130312E-02 1.354506E+01 3.500000E-02 9.421274E+02 3.715073E+01 7.955721E+17 1.894387E-02 1.000000E-24 1.000000E-24 2.238700E-01 3.664848E+01 2.344141E+02
1.401407E-02 1.360086E+01 3.500000E-02 9.421990E+02 3.752400E+01 1.018838E+18 1.827378E-02 1.000000E-24 1.000000E-24 2.265978E-01 3.717135E+01 2.406557E+02
1.801189E-02 1.365665E+01 3.500000E-02 9.422786E+02 3.808859E+01 1.333848E+18 1.771484E-02 1.000000E-24 1.000000E-24 2.319365E-01 3.734640E+01 2.474855E+02
2.400384E-02 1.371245E+01 3.500000E-02 9.423702E+02 3.891374E+01 1.766449E+18 1.728935E-02 1.000000E-24 1.000000E-24 2.412035E-01 3.695996E+01 2.547106E+02
3.305261E-02 1.376824E+01 3.500000E-02 9.424794E+02 4.008581E+01 2.350401E+18 1.702609E-02 1.000000E-24 1.000000E-24 2.566423E-01 3.567547E+01 2.615953E+02
4.676189E-02 1.382403E+01 3.500000E-02 9.426135E+02 4.171395E+01 3.136084E+18 1.696050E-02 1.000000E-24 1.000000E-24 2.825046E-01 3.296713E+01 2.660962E+02
6.762938E-02 1.387983E+01 3.500000E-02 9.427824E+02 4.393948E+01 4.216035E+18 1.711648E-02 1.000000E-24 1.000000E-24 3.278316E-01 2.809829E+01 2.631859E+02
9.982954E-02 1.393562E+01 3.500000E-02 9.429994E+02 4.694840E+01 5.779659E+18 1.736943E-02 2.128124E-22 1.000000E-24 4.139004E-01 2.048166E+01 2.422105E+02
1.447604E-01 1.399142E+01 3.500000E-02 9.432888E+02 5.060291E+01 8.887042E+18 2.221558E-03 3.500000E-02 1.000000E-24 1.000000E-24 1.800000E+00 4.000000E+00
2.317845E-01 1.404721E+01 3.500000E-02 9.436652E+02 5.612359E+01 1.191756E+19 2.041456E-03 3.500000E-02 1.000000E-24 1.000000E-24 1.800000E+00 4.000000E+00
3.634987E-01 1.410300E+01 3.500000E-02 9.441892E+02 6.229026E+01 1.576703E+19 1.876208E-03 3.500000E-02 1.000000E-24 1.000000E-24 1.800000E+00 4.000000E+00
5.604242E-01 1.415880E+01 3.500000E-02 9.449052E+02 6.918158E+01 2.062573E+19 1.724590E-03 3.500000E-02 1.000000E-24 1.000000E-24 1.800000E+00 4.000000E+00
8.518202E-01 1.421459E+01 3.500000E-02 9.458686E+02 7.688610E+01 2.672439E+19 1.585483E-03 3.500000E-02 1.000000E-24 1.000000E-24 1.800000E+00 4.000000E+00
1.279215E+00 1.427039E+01 3.500000E-02 9.471480E+02 8.550353E+01 3.434222E+19 1.457864E-03 3.500000E-02 1.000000E-24 1.000000E-24 1.800000E+00 4.000000E+00
1.901309E+00 1.432618E+01 3.500000E-02 9.488284E+02 9.514621E+01 4.381669E+19 1.340795E-03 3.500000E-02 1.000000E-24 1.000000E-24 1.800000E+00 4.000000E+00
2.794947E+00 1.438197E+01 3.579768E-02 9.510191E+02 1.057285E+02 5.546661E+19 1.235692E-03 3.579768E-02 1.000000E-24 1.000000E-24 1.800000E+00 4.000000E+00
4.028742E+00 1.443777E+01 4.164676E-02 9.538261E+02 1.160641E+02 6.919697E+19 1.152481E-03 4.164676E-02 1.000000E-24 1.000000E-24 1.800000E+00 4.000000E+00
5.773156E+00 1.449356E+01 4.825744E-02 9.573561E+02 1.272397E+02 8.595456E+19 1.076074E-03 4.825744E-02 1.000000E-24 1.000000E-24 1.800000E+00 4.000000E+00
8.231376E+00 1.454936E+01 5.567856E-02 9.617873E+02 1.392926E+02 1.063692E+20 1.005360E-03 5.567856E-02 1.000000E-24 1.000000E-24 1.800000E+00 4.000000E+00
1.168770E+01 1.460515E+01 6.395073E-02 9.673551E+02 1.522573E+02 1.312143E+20 9.394639E-04 6.395073E-02 1.000000E-24 1.000000E-24 1.800000E+00 4.000000E+00
1.652966E+01 1.466094E+01 7.307075E-02 9.742835E+02 1.661403E+02 1.613802E+20 8.784631E-04 7.307075E-02 1.000000E-24 1.000000E-24 1.800000E+00 4.000000E+00
2.329728E+01 1.471674E+01 8.303326E-02 9.828821E+02 1.809571E+02 1.979638E+20 8.218461E-04 8.303326E-02 1.000000E-24 1.000000E-24 1.800000E+00 4.000000E+00
3.273709E+01 1.477253E+01 9.381104E-02 9.935222E+02 1.967164E+02 2.422852E+20 7.692382E-04 9.381103E-02 1.000000E-24 1.000000E-24 1.800000E+00 4.000000E+00
4.588024E+01 1.482833E+01 1.053558E-01 1.006651E+03 2.134223E+02 2.959326E+20 7.203313E-04 1.053558E-01 1.000000E-24 1.000000E-24 1.800000E+00 4.000000E+00
6.414983E+01 1.488412E+01 1.176002E-01 1.022808E+03 2.310757E+02 3.608166E+20 6.748580E-04 1.176002E-01 1.000000E-24 1.000000E-24 1.800000E+00 4.000000E+00
8.951206E+01 1.493991E+01 1.304634E-01 1.042658E+03 2.496772E+02 4.392459E+20 6.325520E-04 1.304633E-01 1.000000E-24 1.000000E-24 1.800000E+00 4.000000E+00
1.246794E+02 1.499571E+01 1.438522E-01 1.067009E+03 2.692275E+02 5.340002E+20 5.931859E-04 1.438521E-01 1.000000E-24 1.000000E-24 1.800000E+00 4.000000E+00
1.733719E+02 1.505150E+01 1.576566E-01 1.096792E+03 2.897227E+02 6.483740E+20 5.566285E-04 1.576566E-01 1.000000E-24 1.000000E-24 1.800000E+00 4.000000E+00
2.407133E+02 1.510730E+01 1.717681E-01 1.133167E+03 3.111649E+02 7.863413E+20 5.227052E-04 1.717681E-01 1.000000E-24 1.000000E-24 1.800000E+00 4.000000E+00
3.337794E+02 1.516309E+01 1.860845E-01 1.177591E+03 3.335629E+02 9.527317E+20 4.912139E-04 1.860845E-01 1.000000E-24 1.000000E-24 1.800000E+00 4.000000E+00
4.622139E+02 1.521888E+01 2.004906E-01 1.231693E+03 3.569195E+02 1.153179E+21 4.620815E-04 2.004906E-01 1.000000E-24 1.000000E-24 1.800000E+00 4.000000E+00
6.392913E+02 1.527468E+01 2.148874E-01 1.297529E+03 3.812477E+02 1.394515E+21 4.351709E-04 2.148875E-01 1.000000E-24 1.000000E-24 1.800000E+00 4.000000E+00
8.832126E+02 1.533047E+01 2.291835E-01 1.377586E+03 4.065644E+02 1.684911E+21 4.103647E-04 2.291836E-01 1.000000E-24 1.000000E-24 1.800000E+00 4.000000E+00
1.218801E+03 1.538627E+01 2.432902E-01 1.474758E+03 4.328868E+02 2.033993E+21 3.875888E-04 2.432902E-01 1.000000E-24 1.000000E-24 1.800000E+00 4.000000E+00
1.680090E+03 1.544206E+01 2.571350E-01 1.592622E+03 4.602401E+02 2.453359E+21 3.667454E-04 2.571350E-01 1.000000E-24 1.000000E-24 1.800000E+00 4.000000E+00
2.313547E+03 1.549785E+01 2.706542E-01 1.735447E+03 4.886527E+02 2.956790E+21 3.477581E-04 2.706542E-01 1.000000E-24 1.000000E-24 1.800000E+00 4.000000E+00
3.182483E+03 1.555365E+01 2.837922E-01 1.908282E+03 5.181556E+02 3.560589E+21 3.305661E-04 2.837922E-01 1.000000E-24 1.000000E-24 1.800000E+00 4.000000E+00
4.373295E+03 1.560944E+01 2.965056E-01 2.117233E+03 5.487851E+02 4.284226E+21 3.151072E-04 2.965056E-01 1.000000E-24 1.000000E-24 1.800000E+00 4.000000E+00
6.003722E+03 1.566524E+01 3.087608E-01 2.369627E+03 5.805817E+02 5.150873E+21 3.013282E-04 3.087608E-01 1.000000E-24 1.000000E-24 1.800000E+00 4.000000E+00
8.234040E+03 1.572103E+01 3.205324E-01 2.674214E+03 6.135895E+02 6.188052E+21 2.891860E-04 3.205324E-01 1.000000E-24 1.000000E-24 1.800000E+00 4.000000E+00
1.128207E+04 1.577682E+01 3.318018E-01 3.041384E+03 6.478556E+02 7.428345E+21 2.786468E-04 3.318018E-01 1.000000E-24 1.000000E-24 1.800000E+00 4.000000E+00
1.544396E+04 1.583262E+01 3.425582E-01 3.483583E+03 6.834310E+02 8.910499E+21 2.696830E-04 3.425582E-01 1.000000E-24 1.000000E-24 1.800000E+00 4.000000E+00
2.112192E+04 1.588841E+01 3.527968E-01 4.015661E+03 7.203709E+02 1.068048E+22 2.622759E-04 3.527968E-01 1.000000E-24 1.000000E-24 1.800000E+00 4.000000E+00
2.886188E+04 1.594421E+01 3.625182E-01 4.655312E+03 7.587333E+02 1.279282E+22 2.564153E-04 3.625181E-01 1.000000E-24 1.000000E-24 1.800000E+00 4.000000E+00
3.940423E+04 1.600000E+01 3.717270E-01 5.423612E+03 7.985803E+02 1.531214E+22 2.521000E-04 3.717270E-01 1.000000E-24 1.000000E-24 1.800000E+00 4.000000E+00
