# LS220 equation of state
# Beta-equilibrium 
# temperature T = 0.1 MeV
#
# 1: pressure[MeV/fm3], 
# 2: log10(rho[cgs])
# 3: Y_e
# 4: internal energy [MeV/baryon]
# 5: muhat [MeV]
# 6: sound velocity squared [cm2/s2]
# 7: specific entropy [kB/baryon]
# 8: proton mass fraction Xp
# 9: alpha mass fraction Xalp
# 10: heavy nuclei massfraction Xh
# 11: Z of heavy nuclei
# 12: A of heavy nucleus
#
# ...Loading EOS-table from eos/eos_ls220.txt...
#    nrho, ntemp, nye, nvars =  234 136  50  10
# ...Done reading EOS file...
#
3.215755E-12 3.000000E+00 4.382972E-01 9.494329E+02 5.124980E-01 6.295352E+18 2.343030E+02 1.000000E-24 1.000000E-24 1.000000E+00 2.671131E+01 6.095749E+01
3.216200E-12 3.055794E+00 4.382963E-01 9.472470E+02 5.126317E-01 5.537661E+18 2.061391E+02 1.000000E-24 1.000000E-24 1.000000E+00 2.671135E+01 6.095771E+01
3.216755E-12 3.111588E+00 4.382953E-01 9.453252E+02 5.127774E-01 4.871457E+18 1.813742E+02 1.000000E-24 1.000000E-24 1.000000E+00 2.671139E+01 6.095794E+01
3.217450E-12 3.167382E+00 4.382943E-01 9.436355E+02 5.129360E-01 4.285729E+18 1.595990E+02 1.000000E-24 1.000000E-24 1.000000E+00 2.671144E+01 6.095819E+01
3.218324E-12 3.223176E+00 4.382931E-01 9.421501E+02 5.131088E-01 3.770794E+18 1.404538E+02 1.000000E-24 1.000000E-24 1.000000E+00 2.671149E+01 6.095847E+01
3.219423E-12 3.278970E+00 4.382919E-01 9.408445E+02 5.132969E-01 3.318139E+18 1.236219E+02 1.000000E-24 1.000000E-24 1.000000E+00 2.671155E+01 6.095877E+01
3.220808E-12 3.334764E+00 4.382905E-01 9.396970E+02 5.135018E-01 2.920279E+18 1.088253E+02 1.000000E-24 1.000000E-24 1.000000E+00 2.671161E+01 6.095910E+01
3.222555E-12 3.390558E+00 4.382890E-01 9.386886E+02 5.137250E-01 2.570634E+18 9.581923E+01 1.000000E-24 1.000000E-24 1.000000E+00 2.671168E+01 6.095946E+01
3.224762E-12 3.446352E+00 4.382874E-01 9.378027E+02 5.139679E-01 2.263417E+18 8.438871E+01 1.000000E-24 1.000000E-24 1.000000E+00 2.671175E+01 6.095985E+01
3.227549E-12 3.502146E+00 4.382856E-01 9.370246E+02 5.142325E-01 1.993541E+18 7.434461E+01 1.000000E-24 1.000000E-24 1.000000E+00 2.671183E+01 6.096027E+01
3.231068E-12 3.557940E+00 4.382837E-01 9.363415E+02 5.145205E-01 1.756531E+18 6.552066E+01 1.000000E-24 1.000000E-24 1.000000E+00 2.671192E+01 6.096073E+01
3.235507E-12 3.613734E+00 4.382816E-01 9.357419E+02 5.148341E-01 1.548450E+18 5.777067E+01 1.000000E-24 1.000000E-24 1.000000E+00 2.671201E+01 6.096123E+01
3.241098E-12 3.669528E+00 4.382794E-01 9.352160E+02 5.151756E-01 1.365836E+18 5.096602E+01 1.000000E-24 1.000000E-24 1.000000E+00 2.671211E+01 6.096178E+01
3.248122E-12 3.725322E+00 4.382769E-01 9.347549E+02 5.155473E-01 1.205635E+18 4.499354E+01 1.000000E-24 1.000000E-24 1.000000E+00 2.671222E+01 6.096237E+01
3.256919E-12 3.781116E+00 4.382742E-01 9.343509E+02 5.159520E-01 1.065159E+18 3.975359E+01 1.000000E-24 1.000000E-24 1.000000E+00 2.671234E+01 6.096302E+01
3.267894E-12 3.836910E+00 4.382712E-01 9.339972E+02 5.163925E-01 9.420326E+17 3.515839E+01 1.000000E-24 1.000000E-24 1.000000E+00 2.671248E+01 6.096373E+01
3.281521E-12 3.892704E+00 4.382680E-01 9.336879E+02 5.168719E-01 8.341606E+17 3.113050E+01 1.000000E-24 1.000000E-24 1.000000E+00 2.671262E+01 6.096449E+01
3.298352E-12 3.948498E+00 4.382646E-01 9.334177E+02 5.173937E-01 7.396879E+17 2.760154E+01 1.000000E-24 1.000000E-24 1.000000E+00 2.671278E+01 6.096533E+01
3.319016E-12 4.004292E+00 4.382608E-01 9.331817E+02 5.179615E-01 6.569735E+17 2.451108E+01 1.000000E-24 1.000000E-24 1.000000E+00 2.671294E+01 6.096624E+01
3.344220E-12 4.060086E+00 4.382566E-01 9.329758E+02 5.185794E-01 5.845649E+17 2.180562E+01 1.000000E-24 1.000000E-24 1.000000E+00 2.671313E+01 6.096723E+01
3.374758E-12 4.115880E+00 4.382522E-01 9.327965E+02 5.192518E-01 5.211769E+17 1.943782E+01 1.000000E-24 1.000000E-24 1.000000E+00 2.671333E+01 6.096830E+01
3.411498E-12 4.171674E+00 4.382473E-01 9.326403E+02 5.199832E-01 4.656744E+17 1.736572E+01 1.000000E-24 1.000000E-24 1.000000E+00 2.671355E+01 6.096947E+01
3.455398E-12 4.227468E+00 4.382420E-01 9.325044E+02 5.207789E-01 4.170571E+17 1.555221E+01 1.000000E-24 1.000000E-24 1.000000E+00 2.671379E+01 6.097075E+01
3.507502E-12 4.283262E+00 4.382362E-01 9.323861E+02 5.216443E-01 3.744468E+17 1.396452E+01 1.000000E-24 1.000000E-24 1.000000E+00 2.671405E+01 6.097213E+01
3.568955E-12 4.339056E+00 4.382299E-01 9.322832E+02 5.225855E-01 3.370756E+17 1.257369E+01 1.000000E-24 1.000000E-24 1.000000E+00 2.671433E+01 6.097364E+01
3.641016E-12 4.394850E+00 4.382231E-01 9.321938E+02 5.236088E-01 3.042746E+17 1.135423E+01 1.000000E-24 1.000000E-24 1.000000E+00 2.671463E+01 6.097528E+01
3.725082E-12 4.450644E+00 4.382157E-01 9.321160E+02 5.247214E-01 2.754634E+17 1.028385E+01 1.000000E-24 1.000000E-24 1.000000E+00 2.671497E+01 6.097706E+01
3.822715E-12 4.506438E+00 4.382076E-01 9.320482E+02 5.259308E-01 2.501392E+17 9.343105E+00 1.000000E-24 1.000000E-24 1.000000E+00 2.671533E+01 6.097900E+01
3.935672E-12 4.562232E+00 4.381988E-01 9.319893E+02 5.272451E-01 2.278674E+17 8.515017E+00 1.000000E-24 1.000000E-24 1.000000E+00 2.671572E+01 6.098110E+01
4.065945E-12 4.618026E+00 4.381893E-01 9.319378E+02 5.286732E-01 2.082717E+17 7.784850E+00 1.000000E-24 1.000000E-24 1.000000E+00 2.671615E+01 6.098339E+01
4.215799E-12 4.673820E+00 4.381789E-01 9.318930E+02 5.302246E-01 1.910261E+17 7.139818E+00 1.000000E-24 1.000000E-24 1.000000E+00 2.671661E+01 6.098587E+01
4.387825E-12 4.729614E+00 4.381677E-01 9.318540E+02 5.319095E-01 1.758473E+17 6.568842E+00 1.000000E-24 1.000000E-24 1.000000E+00 2.671712E+01 6.098857E+01
4.584986E-12 4.785408E+00 4.381555E-01 9.318198E+02 5.337390E-01 1.624886E+17 6.062329E+00 1.000000E-24 1.000000E-24 1.000000E+00 2.671767E+01 6.099150E+01
4.810679E-12 4.841202E+00 4.381422E-01 9.317900E+02 5.357249E-01 1.507346E+17 5.611972E+00 1.000000E-24 1.000000E-24 1.000000E+00 2.671826E+01 6.099468E+01
5.068805E-12 4.896996E+00 4.381278E-01 9.317640E+02 5.378799E-01 1.403970E+17 5.210578E+00 1.000000E-24 1.000000E-24 1.000000E+00 2.671890E+01 6.099813E+01
5.363844E-12 4.952790E+00 4.381122E-01 9.317412E+02 5.402177E-01 1.313104E+17 4.851911E+00 1.000000E-24 1.000000E-24 1.000000E+00 2.671960E+01 6.100187E+01
5.700946E-12 5.008584E+00 4.380953E-01 9.317213E+02 5.427530E-01 1.233299E+17 4.530562E+00 1.000000E-24 1.000000E-24 1.000000E+00 2.672036E+01 6.100593E+01
6.086040E-12 5.064378E+00 4.380770E-01 9.317039E+02 5.455015E-01 1.163281E+17 4.241835E+00 1.000000E-24 1.000000E-24 1.000000E+00 2.672119E+01 6.101033E+01
6.525955E-12 5.120172E+00 4.380571E-01 9.316887E+02 5.484799E-01 1.101932E+17 3.981653E+00 1.000000E-24 1.000000E-24 1.000000E+00 2.672208E+01 6.101510E+01
7.028569E-12 5.175966E+00 4.380356E-01 9.316753E+02 5.517061E-01 1.048268E+17 3.746466E+00 1.000000E-24 1.000000E-24 1.000000E+00 2.672304E+01 6.102027E+01
7.602978E-12 5.231760E+00 4.380122E-01 9.316637E+02 5.551993E-01 1.001428E+17 3.533190E+00 1.000000E-24 1.000000E-24 1.000000E+00 2.672409E+01 6.102586E+01
8.259706E-12 5.287554E+00 4.379870E-01 9.316535E+02 5.589797E-01 9.606541E+16 3.339137E+00 1.000000E-24 1.000000E-24 1.000000E+00 2.672522E+01 6.103191E+01
9.010945E-12 5.343348E+00 4.379597E-01 9.316447E+02 5.630690E-01 9.252854E+16 3.161966E+00 1.000000E-24 1.000000E-24 1.000000E+00 2.672644E+01 6.103846E+01
9.870850E-12 5.399142E+00 4.379302E-01 9.316370E+02 5.674900E-01 8.947436E+16 2.999637E+00 1.000000E-24 1.000000E-24 1.000000E+00 2.672777E+01 6.104554E+01
1.085588E-11 5.454936E+00 4.378983E-01 9.316303E+02 5.722671E-01 8.685253E+16 2.850372E+00 1.000000E-24 1.000000E-24 1.000000E+00 2.672920E+01 6.105319E+01
1.198523E-11 5.510730E+00 4.378639E-01 9.316245E+02 5.774259E-01 8.461938E+16 2.712623E+00 1.000000E-24 1.000000E-24 1.000000E+00 2.673074E+01 6.106145E+01
1.328131E-11 5.566524E+00 4.378267E-01 9.316195E+02 5.829935E-01 8.273721E+16 2.585041E+00 1.000000E-24 1.000000E-24 1.000000E+00 2.673241E+01 6.107037E+01
1.477038E-11 5.622318E+00 4.377866E-01 9.316152E+02 5.889985E-01 8.117364E+16 2.466451E+00 1.000000E-24 1.000000E-24 1.000000E+00 2.673420E+01 6.107999E+01
1.648324E-11 5.678112E+00 4.377434E-01 9.316116E+02 5.954707E-01 7.990116E+16 2.355834E+00 1.000000E-24 1.000000E-24 1.000000E+00 2.673614E+01 6.109035E+01
1.845615E-11 5.733906E+00 4.376969E-01 9.316086E+02 6.024417E-01 7.889654E+16 2.252302E+00 1.000000E-24 1.000000E-24 1.000000E+00 2.673823E+01 6.110151E+01
2.073186E-11 5.789700E+00 4.376468E-01 9.316061E+02 6.099444E-01 7.814054E+16 2.155086E+00 1.000000E-24 1.000000E-24 1.000000E+00 2.674047E+01 6.111353E+01
2.336092E-11 5.845494E+00 4.375929E-01 9.316041E+02 6.180131E-01 7.761746E+16 2.063523E+00 1.000000E-24 1.000000E-24 1.000000E+00 2.674289E+01 6.112645E+01
2.640321E-11 5.901288E+00 4.375351E-01 9.316025E+02 6.266839E-01 7.731486E+16 1.977038E+00 1.000000E-24 1.000000E-24 1.000000E+00 2.674548E+01 6.114034E+01
2.992984E-11 5.957082E+00 4.374729E-01 9.316014E+02 6.359939E-01 7.722321E+16 1.895138E+00 1.000000E-24 1.000000E-24 1.000000E+00 2.674827E+01 6.115525E+01
3.402539E-11 6.012876E+00 4.374062E-01 9.316007E+02 6.459820E-01 7.733570E+16 1.817400E+00 1.000000E-24 1.000000E-24 1.000000E+00 2.675126E+01 6.117124E+01
3.879068E-11 6.068670E+00 4.373348E-01 9.316003E+02 6.566884E-01 7.764785E+16 1.743463E+00 1.000000E-24 1.000000E-24 1.000000E+00 2.675446E+01 6.118839E+01
4.434601E-11 6.124464E+00 4.372582E-01 9.316004E+02 6.681548E-01 7.815738E+16 1.673021E+00 1.000000E-24 1.000000E-24 1.000000E+00 2.675790E+01 6.120675E+01
5.083518E-11 6.180258E+00 4.371763E-01 9.316009E+02 6.804240E-01 7.886388E+16 1.605812E+00 1.000000E-24 1.000000E-24 1.000000E+00 2.676157E+01 6.122640E+01
5.843016E-11 6.236052E+00 4.370887E-01 9.316016E+02 6.935404E-01 7.976858E+16 1.541617E+00 1.000000E-24 1.000000E-24 1.000000E+00 2.676549E+01 6.124741E+01
6.733682E-11 6.291845E+00 4.369952E-01 9.316028E+02 7.075497E-01 8.087409E+16 1.480252E+00 1.000000E-24 1.000000E-24 1.000000E+00 2.676969E+01 6.126984E+01
7.780171E-11 6.347639E+00 4.368954E-01 9.316043E+02 7.224989E-01 8.218415E+16 1.421562E+00 1.000000E-24 1.000000E-24 1.000000E+00 2.677416E+01 6.129378E+01
9.012011E-11 6.403433E+00 4.367890E-01 9.316063E+02 7.384363E-01 8.370340E+16 1.365415E+00 1.000000E-24 1.000000E-24 1.000000E+00 2.677893E+01 6.131931E+01
1.046457E-10 6.459227E+00 4.366757E-01 9.316086E+02 7.554115E-01 8.543712E+16 1.311702E+00 1.000000E-24 1.000000E-24 1.000000E+00 2.678401E+01 6.134649E+01
1.218019E-10 6.515021E+00 4.365551E-01 9.316113E+02 7.734754E-01 8.739099E+16 1.260325E+00 1.000000E-24 1.000000E-24 1.000000E+00 2.678942E+01 6.137542E+01
1.420957E-10 6.570815E+00 4.364269E-01 9.316144E+02 7.926803E-01 8.957092E+16 1.211204E+00 1.000000E-24 1.000000E-24 1.000000E+00 2.679517E+01 6.140618E+01
1.661330E-10 6.626609E+00 4.362907E-01 9.316180E+02 8.130796E-01 9.198283E+16 1.164261E+00 1.000000E-24 1.000000E-24 1.000000E+00 2.680127E+01 6.143885E+01
1.946388E-10 6.682403E+00 4.361462E-01 9.316220E+02 8.347283E-01 9.463251E+16 1.119430E+00 1.000000E-24 1.000000E-24 1.000000E+00 2.680775E+01 6.147352E+01
2.284784E-10 6.738197E+00 4.359930E-01 9.316265E+02 8.576829E-01 9.752552E+16 1.076645E+00 1.000000E-24 1.000000E-24 1.000000E+00 2.681462E+01 6.151028E+01
2.686850E-10 6.793991E+00 4.358307E-01 9.316315E+02 8.820010E-01 1.006671E+17 1.035840E+00 1.000000E-24 1.000000E-24 1.000000E+00 2.682190E+01 6.154923E+01
3.164907E-10 6.849785E+00 4.356588E-01 9.316370E+02 9.077422E-01 1.040621E+17 9.969518E-01 1.000000E-24 1.000000E-24 1.000000E+00 2.682961E+01 6.159045E+01
3.733636E-10 6.905579E+00 4.354771E-01 9.316430E+02 9.349673E-01 1.077151E+17 9.599142E-01 1.000000E-24 1.000000E-24 1.000000E+00 2.683776E+01 6.163405E+01
4.410526E-10 6.961373E+00 4.352850E-01 9.316496E+02 9.637392E-01 1.116303E+17 9.246594E-01 1.000000E-24 1.000000E-24 1.000000E+00 2.684637E+01 6.168013E+01
5.216387E-10 7.017167E+00 4.350822E-01 9.316567E+02 9.941225E-01 1.158117E+17 8.911175E-01 1.000000E-24 1.000000E-24 1.000000E+00 2.685546E+01 6.172878E+01
6.175973E-10 7.072961E+00 4.348682E-01 9.316645E+02 1.026184E+00 1.202630E+17 8.592166E-01 1.000000E-24 1.000000E-24 1.000000E+00 2.686506E+01 6.178013E+01
7.318715E-10 7.128755E+00 4.346425E-01 9.316728E+02 1.059991E+00 1.249880E+17 8.288828E-01 1.000000E-24 1.000000E-24 1.000000E+00 2.687518E+01 6.183427E+01
8.679581E-10 7.184549E+00 4.344047E-01 9.316817E+02 1.095616E+00 1.299905E+17 8.000414E-01 1.000000E-24 1.000000E-24 1.000000E+00 2.688584E+01 6.189132E+01
1.030013E-09 7.240343E+00 4.341519E-01 9.316916E+02 1.133117E+00 1.352745E+17 7.726223E-01 1.000000E-24 1.000000E-24 1.000000E+00 2.689682E+01 6.195394E+01
1.222965E-09 7.296137E+00 4.338858E-01 9.317022E+02 1.172580E+00 1.408441E+17 7.465457E-01 1.000000E-24 1.000000E-24 1.000000E+00 2.690836E+01 6.202002E+01
1.452672E-09 7.351931E+00 4.336059E-01 9.317136E+02 1.214085E+00 1.467039E+17 7.217368E-01 1.000000E-24 1.000000E-24 1.000000E+00 2.692050E+01 6.208953E+01
1.726080E-09 7.407725E+00 4.333117E-01 9.317257E+02 1.257713E+00 1.528587E+17 6.981225E-01 1.000000E-24 1.000000E-24 1.000000E+00 2.693326E+01 6.216260E+01
2.051431E-09 7.463519E+00 4.330026E-01 9.317385E+02 1.303548E+00 1.593143E+17 6.756322E-01 1.000000E-24 1.000000E-24 1.000000E+00 2.694666E+01 6.223935E+01
2.438501E-09 7.519313E+00 4.326780E-01 9.317522E+02 1.351676E+00 1.660764E+17 6.541974E-01 1.000000E-24 1.000000E-24 1.000000E+00 2.696074E+01 6.231995E+01
2.898881E-09 7.575107E+00 4.323373E-01 9.317666E+02 1.402190E+00 1.731518E+17 6.337529E-01 1.000000E-24 1.000000E-24 1.000000E+00 2.697551E+01 6.240454E+01
3.446314E-09 7.630901E+00 4.319800E-01 9.317818E+02 1.455181E+00 1.805478E+17 6.142366E-01 1.000000E-24 1.000000E-24 1.000000E+00 2.699100E+01 6.249328E+01
4.097089E-09 7.686695E+00 4.316052E-01 9.317980E+02 1.510749E+00 1.882722E+17 5.955897E-01 1.000000E-24 1.000000E-24 1.000000E+00 2.700725E+01 6.258633E+01
4.870510E-09 7.742489E+00 4.312125E-01 9.318149E+02 1.568995E+00 1.963335E+17 5.777567E-01 1.000000E-24 1.000000E-24 1.000000E+00 2.702428E+01 6.268387E+01
5.789447E-09 7.798283E+00 4.308009E-01 9.318328E+02 1.630025E+00 2.047411E+17 5.606859E-01 1.000000E-24 1.000000E-24 1.000000E+00 2.704213E+01 6.278607E+01
6.880995E-09 7.854077E+00 4.303698E-01 9.318516E+02 1.693949E+00 2.135046E+17 5.443287E-01 1.000000E-24 1.000000E-24 1.000000E+00 2.706082E+01 6.289311E+01
8.177242E-09 7.909871E+00 4.299185E-01 9.318714E+02 1.760881E+00 2.226345E+17 5.286397E-01 1.000000E-24 1.000000E-24 1.000000E+00 2.708039E+01 6.300519E+01
9.716183E-09 7.965665E+00 4.294461E-01 9.318921E+02 1.830941E+00 2.321420E+17 5.135769E-01 1.000000E-24 1.000000E-24 1.000000E+00 2.710088E+01 6.312250E+01
1.151154E-08 8.021459E+00 4.289517E-01 9.319139E+02 1.904254E+00 2.411370E+17 5.514538E-01 1.000000E-24 1.000000E-24 1.000000E+00 2.712231E+01 6.324526E+01
1.367500E-08 8.077253E+00 4.284486E-01 9.319367E+02 1.980968E+00 2.514387E+17 5.383890E-01 1.000000E-24 1.000000E-24 1.000000E+00 2.715783E+01 6.340217E+01
1.624196E-08 8.133047E+00 4.279225E-01 9.319606E+02 2.061202E+00 2.621556E+17 5.258609E-01 1.000000E-24 1.000000E-24 1.000000E+00 2.719498E+01 6.356639E+01
1.928696E-08 8.188841E+00 4.273724E-01 9.319857E+02 2.145096E+00 2.733011E+17 5.138383E-01 1.000000E-24 1.000000E-24 1.000000E+00 2.723385E+01 6.373820E+01
2.289819E-08 8.244635E+00 4.267974E-01 9.320118E+02 2.232797E+00 2.848892E+17 5.022922E-01 1.000000E-24 1.000000E-24 1.000000E+00 2.727450E+01 6.391795E+01
2.717996E-08 8.300429E+00 4.261966E-01 9.320392E+02 2.324457E+00 2.969343E+17 4.911955E-01 1.000000E-24 1.000000E-24 1.000000E+00 2.731701E+01 6.410597E+01
3.225566E-08 8.356223E+00 4.255688E-01 9.320678E+02 2.420235E+00 3.094511E+17 4.805230E-01 1.000000E-24 1.000000E-24 1.000000E+00 2.736147E+01 6.430262E+01
3.827116E-08 8.412017E+00 4.249130E-01 9.320977E+02 2.520299E+00 3.224552E+17 4.702515E-01 1.000000E-24 1.000000E-24 1.000000E+00 2.740796E+01 6.450828E+01
4.539890E-08 8.467811E+00 4.242281E-01 9.321289E+02 2.624818E+00 3.359621E+17 4.603591E-01 1.000000E-24 1.000000E-24 1.000000E+00 2.745657E+01 6.472334E+01
5.384253E-08 8.523605E+00 4.235083E-01 9.321620E+02 2.733903E+00 3.499868E+17 4.508239E-01 1.000000E-24 1.000000E-24 1.000000E+00 2.750696E+01 6.495249E+01
6.384279E-08 8.579399E+00 4.227523E-01 9.321971E+02 2.847726E+00 3.645456E+17 4.416270E-01 1.000000E-24 1.000000E-24 1.000000E+00 2.755919E+01 6.519638E+01
7.568426E-08 8.635193E+00 4.219632E-01 9.322336E+02 2.966548E+00 3.796563E+17 4.327525E-01 1.000000E-24 1.000000E-24 1.000000E+00 2.761379E+01 6.545133E+01
8.970291E-08 8.690987E+00 4.211397E-01 9.322718E+02 3.090569E+00 3.953358E+17 4.241836E-01 1.000000E-24 1.000000E-24 1.000000E+00 2.767088E+01 6.571783E+01
1.062954E-07 8.746781E+00 4.202806E-01 9.323114E+02 3.219999E+00 4.116014E+17 4.159049E-01 1.000000E-24 1.000000E-24 1.000000E+00 2.773056E+01 6.599639E+01
1.259299E-07 8.802575E+00 4.193843E-01 9.323527E+02 3.355055E+00 4.284703E+17 4.079017E-01 1.000000E-24 1.000000E-24 1.000000E+00 2.779294E+01 6.628755E+01
1.491591E-07 8.858369E+00 4.184494E-01 9.323956E+02 3.495964E+00 4.459601E+17 4.001603E-01 1.000000E-24 1.000000E-24 1.000000E+00 2.785816E+01 6.659185E+01
1.766347E-07 8.914163E+00 4.174743E-01 9.324403E+02 3.642960E+00 4.640882E+17 3.926680E-01 1.000000E-24 1.000000E-24 1.000000E+00 2.792632E+01 6.690989E+01
2.091255E-07 8.969957E+00 4.164575E-01 9.324866E+02 3.796290E+00 4.828721E+17 3.854124E-01 1.000000E-24 1.000000E-24 1.000000E+00 2.799759E+01 6.724227E+01
2.475379E-07 9.025751E+00 4.153974E-01 9.325348E+02 3.956206E+00 5.023291E+17 3.783824E-01 1.000000E-24 1.000000E-24 1.000000E+00 2.807208E+01 6.758966E+01
2.929401E-07 9.081545E+00 4.142922E-01 9.325848E+02 4.122975E+00 5.224766E+17 3.715669E-01 1.000000E-24 1.000000E-24 1.000000E+00 2.814997E+01 6.795271E+01
3.465896E-07 9.137339E+00 4.131367E-01 9.326371E+02 4.296795E+00 5.433292E+17 3.649554E-01 1.000000E-24 1.000000E-24 1.000000E+00 2.823106E+01 6.833500E+01
4.099630E-07 9.193133E+00 4.119179E-01 9.326928E+02 4.477685E+00 5.648966E+17 3.585364E-01 1.000000E-24 1.000000E-24 1.000000E+00 2.831445E+01 6.874669E+01
4.848093E-07 9.248927E+00 4.106479E-01 9.327506E+02 4.666236E+00 5.872028E+17 3.523034E-01 1.000000E-24 1.000000E-24 1.000000E+00 2.840163E+01 6.917690E+01
5.731814E-07 9.304721E+00 4.093248E-01 9.328104E+02 4.862752E+00 6.102632E+17 3.462480E-01 1.000000E-24 1.000000E-24 1.000000E+00 2.849278E+01 6.962648E+01
6.774941E-07 9.360515E+00 4.079466E-01 9.328724E+02 5.067550E+00 6.340924E+17 3.403620E-01 1.000000E-24 1.000000E-24 1.000000E+00 2.858807E+01 7.009632E+01
8.005867E-07 9.416309E+00 4.065110E-01 9.329365E+02 5.280957E+00 6.587040E+17 3.346377E-01 1.000000E-24 1.000000E-24 1.000000E+00 2.868772E+01 7.058733E+01
9.457959E-07 9.472103E+00 4.050158E-01 9.330029E+02 5.503316E+00 6.841107E+17 3.290677E-01 1.000000E-24 1.000000E-24 1.000000E+00 2.879193E+01 7.110050E+01
1.117041E-06 9.527897E+00 4.034588E-01 9.330716E+02 5.734980E+00 7.103237E+17 3.236452E-01 1.000000E-24 1.000000E-24 1.000000E+00 2.890090E+01 7.163686E+01
1.318893E-06 9.583691E+00 4.018203E-01 9.331441E+02 5.975826E+00 7.373361E+17 3.183614E-01 1.000000E-24 1.000000E-24 1.000000E+00 2.901308E+01 7.221102E+01
1.556749E-06 9.639485E+00 4.001040E-01 9.332200E+02 6.226357E+00 7.651606E+17 3.132111E-01 1.000000E-24 1.000000E-24 1.000000E+00 2.912932E+01 7.281943E+01
1.836949E-06 9.695279E+00 3.983178E-01 9.332984E+02 6.487245E+00 7.938132E+17 3.081897E-01 1.000000E-24 1.000000E-24 1.000000E+00 2.925091E+01 7.345533E+01
2.166906E-06 9.751073E+00 3.964589E-01 9.333792E+02 6.758894E+00 8.232974E+17 3.032915E-01 1.000000E-24 1.000000E-24 1.000000E+00 2.937810E+01 7.412002E+01
2.555302E-06 9.806867E+00 3.945248E-01 9.334625E+02 7.041721E+00 8.536146E+17 2.985111E-01 1.000000E-24 1.000000E-24 1.000000E+00 2.951117E+01 7.481486E+01
3.012295E-06 9.862661E+00 3.925125E-01 9.335483E+02 7.336164E+00 8.847632E+17 2.938433E-01 1.000000E-24 1.000000E-24 1.000000E+00 2.965042E+01 7.554129E+01
3.549579E-06 9.918455E+00 3.903837E-01 9.336397E+02 7.641442E+00 9.166910E+17 2.892801E-01 1.000000E-24 1.000000E-24 1.000000E+00 2.979198E+01 7.632723E+01
4.181131E-06 9.974249E+00 3.881668E-01 9.337339E+02 7.959008E+00 9.494285E+17 2.848200E-01 1.000000E-24 1.000000E-24 1.000000E+00 2.993979E+01 7.715127E+01
4.923144E-06 1.003004E+01 3.858619E-01 9.338308E+02 8.289439E+00 9.829669E+17 2.804588E-01 1.000000E-24 1.000000E-24 1.000000E+00 3.009450E+01 7.801286E+01
5.794489E-06 1.008584E+01 3.834656E-01 9.339303E+02 8.633228E+00 1.017289E+18 2.761922E-01 1.000000E-24 1.000000E-24 1.000000E+00 3.025647E+01 7.891384E+01
6.816977E-06 1.014163E+01 3.809580E-01 9.340338E+02 8.990218E+00 1.052346E+18 2.720149E-01 1.000000E-24 1.000000E-24 1.000000E+00 3.042381E+01 7.986807E+01
8.015905E-06 1.019742E+01 3.783196E-01 9.341424E+02 9.360183E+00 1.088080E+18 2.679224E-01 1.000000E-24 1.000000E-24 1.000000E+00 3.059459E+01 8.088953E+01
9.421250E-06 1.025322E+01 3.755786E-01 9.342537E+02 9.744883E+00 1.124507E+18 2.639130E-01 1.000000E-24 1.000000E-24 1.000000E+00 3.077349E+01 8.195791E+01
1.106749E-05 1.030901E+01 3.727314E-01 9.343676E+02 1.014487E+01 1.161585E+18 2.599834E-01 1.000000E-24 1.000000E-24 1.000000E+00 3.096093E+01 8.307553E+01
1.299396E-05 1.036481E+01 3.697439E-01 9.344864E+02 1.055929E+01 1.199211E+18 2.561284E-01 1.000000E-24 1.000000E-24 1.000000E+00 3.115239E+01 8.426604E+01
1.524666E-05 1.042060E+01 3.666137E-01 9.346098E+02 1.098864E+01 1.237325E+18 2.523453E-01 1.000000E-24 1.000000E-24 1.000000E+00 3.134840E+01 8.553158E+01
1.787945E-05 1.047639E+01 3.633649E-01 9.347357E+02 1.143477E+01 1.275911E+18 2.486323E-01 1.000000E-24 1.000000E-24 1.000000E+00 3.155392E+01 8.685588E+01
2.095339E-05 1.053219E+01 3.599772E-01 9.348652E+02 1.189745E+01 1.314862E+18 2.449860E-01 1.000000E-24 1.000000E-24 1.000000E+00 3.176632E+01 8.825269E+01
2.453788E-05 1.058798E+01 3.564121E-01 9.350008E+02 1.237522E+01 1.354017E+18 2.414023E-01 1.000000E-24 1.000000E-24 1.000000E+00 3.197890E+01 8.974920E+01
2.871557E-05 1.064378E+01 3.527147E-01 9.351386E+02 1.287136E+01 1.393375E+18 2.378805E-01 1.000000E-24 1.000000E-24 1.000000E+00 3.220205E+01 9.131589E+01
3.357853E-05 1.069957E+01 3.488549E-01 9.352805E+02 1.338483E+01 1.432772E+18 2.344173E-01 1.000000E-24 1.000000E-24 1.000000E+00 3.242981E+01 9.297337E+01
3.923185E-05 1.075536E+01 3.448090E-01 9.354277E+02 1.391479E+01 1.472042E+18 2.310098E-01 1.000000E-24 1.000000E-24 1.000000E+00 3.265754E+01 9.473892E+01
4.579864E-05 1.081116E+01 3.406169E-01 9.355767E+02 1.446477E+01 1.511129E+18 2.276571E-01 1.000000E-24 1.000000E-24 1.000000E+00 3.289691E+01 9.658830E+01
5.341378E-05 1.086695E+01 3.362164E-01 9.357320E+02 1.503077E+01 1.549781E+18 2.243556E-01 1.000000E-24 1.000000E-24 1.000000E+00 3.312959E+01 9.856201E+01
6.223515E-05 1.092275E+01 3.316464E-01 9.358898E+02 1.561666E+01 1.587895E+18 2.211043E-01 1.000000E-24 1.000000E-24 1.000000E+00 3.336987E+01 1.006390E+02
7.243865E-05 1.097854E+01 3.268824E-01 9.360518E+02 1.622086E+01 1.625272E+18 2.179009E-01 1.000000E-24 1.000000E-24 1.000000E+00 3.360811E+01 1.028351E+02
8.422257E-05 1.103433E+01 3.219195E-01 9.362178E+02 1.684364E+01 1.661707E+18 2.147437E-01 1.000000E-24 1.000000E-24 1.000000E+00 3.384393E+01 1.051572E+02
9.781131E-05 1.109013E+01 3.167644E-01 9.363867E+02 1.748605E+01 1.697015E+18 2.116311E-01 1.000000E-24 1.000000E-24 1.000000E+00 3.407865E+01 1.076030E+02
1.134548E-04 1.114592E+01 3.113996E-01 9.365600E+02 1.814656E+01 1.730973E+18 2.085614E-01 1.000000E-24 1.000000E-24 1.000000E+00 3.430342E+01 1.101857E+02
1.314330E-04 1.120172E+01 3.058373E-01 9.367360E+02 1.882680E+01 1.763368E+18 2.055331E-01 1.000000E-24 1.000000E-24 1.000000E+00 3.452211E+01 1.129006E+02
1.520566E-04 1.125751E+01 3.000685E-01 9.369155E+02 1.952574E+01 1.793968E+18 2.025447E-01 1.000000E-24 1.000000E-24 1.000000E+00 3.472804E+01 1.157568E+02
1.756759E-04 1.131330E+01 2.940984E-01 9.370984E+02 2.024309E+01 1.822605E+18 1.995951E-01 1.000000E-24 1.000000E-24 1.000000E+00 3.491490E+01 1.187495E+02
2.026567E-04 1.136910E+01 2.879309E-01 9.372824E+02 2.098093E+01 1.848894E+18 1.966824E-01 1.000000E-24 1.000000E-24 1.000000E+00 3.509309E+01 1.218889E+02
2.334568E-04 1.142489E+01 2.815685E-01 9.374717E+02 2.173443E+01 1.872959E+18 1.938068E-01 1.000000E-24 1.000000E-24 1.000000E+00 3.522950E+01 1.251543E+02
2.684916E-04 1.148069E+01 2.750189E-01 9.376609E+02 2.250867E+01 1.894188E+18 1.909664E-01 1.000000E-24 1.000000E-24 9.999999E-01 3.535260E+01 1.285658E+02
3.083018E-04 1.153648E+01 2.682902E-01 9.378532E+02 2.329973E+01 1.912664E+18 1.881622E-01 1.000000E-24 1.000000E-24 9.999997E-01 3.543552E+01 1.321027E+02
3.534415E-04 1.159227E+01 2.613946E-01 9.380478E+02 2.410787E+01 1.928190E+18 1.854234E-01 1.000000E-24 1.000000E-24 9.999964E-01 3.547557E+01 1.357533E+02
4.044356E-04 1.164807E+01 2.543282E-01 9.382421E+02 2.493475E+01 1.940216E+18 1.828309E-01 1.000000E-24 1.000000E-24 9.999793E-01 3.548504E+01 1.395387E+02
4.619834E-04 1.170386E+01 2.471080E-01 9.384388E+02 2.577641E+01 1.948916E+18 1.806535E-01 1.000000E-24 1.000000E-24 9.999146E-01 3.543589E+01 1.434132E+02
5.264666E-04 1.175966E+01 2.396421E-01 9.386370E+02 2.662931E+01 1.953005E+18 1.817487E-01 1.000000E-24 1.000000E-24 9.992460E-01 3.532938E+01 1.473521E+02
5.974317E-04 1.181545E+01 2.316432E-01 9.388349E+02 2.748195E+01 1.948964E+18 1.904426E-01 1.000000E-24 1.000000E-24 9.962133E-01 3.517900E+01 1.513215E+02
6.726993E-04 1.187124E+01 2.225261E-01 9.390334E+02 2.830359E+01 1.930050E+18 2.135673E-01 1.000000E-24 1.000000E-24 9.869551E-01 3.497914E+01 1.551566E+02
7.435271E-04 1.192704E+01 2.105572E-01 9.392317E+02 2.900205E+01 1.876694E+18 2.548246E-01 1.000000E-24 1.000000E-24 9.594405E-01 3.475949E+01 1.584081E+02
8.074519E-04 1.198283E+01 1.962775E-01 9.394223E+02 2.957047E+01 1.792936E+18 2.871996E-01 1.000000E-24 1.000000E-24 9.148525E-01 3.454883E+01 1.610529E+02
8.686860E-04 1.203863E+01 1.813364E-01 9.396014E+02 3.006113E+01 1.696590E+18 3.013568E-01 1.000000E-24 1.000000E-24 8.623949E-01 3.434369E+01 1.633365E+02
9.313764E-04 1.209442E+01 1.666780E-01 9.397705E+02 3.050601E+01 1.599557E+18 3.013708E-01 1.000000E-24 1.000000E-24 8.074944E-01 3.413563E+01 1.653964E+02
9.980683E-04 1.215021E+01 1.528213E-01 9.399281E+02 3.093301E+01 1.506781E+18 2.940287E-01 1.000000E-24 1.000000E-24 7.540471E-01 3.391858E+01 1.673761E+02
1.070496E-03 1.220601E+01 1.398837E-01 9.400757E+02 3.134909E+01 1.419984E+18 2.825327E-01 1.000000E-24 1.000000E-24 7.029723E-01 3.368920E+01 1.693040E+02
1.150616E-03 1.226180E+01 1.278918E-01 9.402161E+02 3.175668E+01 1.340123E+18 2.687583E-01 1.000000E-24 1.000000E-24 6.545373E-01 3.344428E+01 1.711802E+02
1.239137E-03 1.231760E+01 1.168252E-01 9.403481E+02 3.216061E+01 1.266097E+18 2.540356E-01 1.000000E-24 1.000000E-24 6.091204E-01 3.318313E+01 1.730374E+02
1.337104E-03 1.237339E+01 1.066312E-01 9.404729E+02 3.256143E+01 1.197177E+18 2.390089E-01 1.000000E-24 1.000000E-24 5.666329E-01 3.290482E+01 1.748773E+02
1.445301E-03 1.242918E+01 9.724699E-02 9.405908E+02 3.295891E+01 1.132372E+18 2.240840E-01 1.000000E-24 1.000000E-24 5.269189E-01 3.260925E+01 1.767009E+02
1.565080E-03 1.248498E+01 8.861248E-02 9.407034E+02 3.335067E+01 1.071140E+18 2.094704E-01 1.000000E-24 1.000000E-24 4.896794E-01 3.229569E+01 1.784867E+02
1.697306E-03 1.254077E+01 8.066544E-02 9.408117E+02 3.373434E+01 1.012548E+18 1.953254E-01 1.000000E-24 1.000000E-24 4.546648E-01 3.196427E+01 1.802158E+02
1.840626E-03 1.259657E+01 7.333434E-02 9.409139E+02 3.410910E+01 9.546768E+17 1.817918E-01 1.000000E-24 1.000000E-24 4.217483E-01 3.161983E+01 1.819057E+02
1.992979E-03 1.265236E+01 6.655601E-02 9.410090E+02 3.447256E+01 8.959601E+17 1.689326E-01 1.000000E-24 1.000000E-24 3.907210E-01 3.126985E+01 1.835723E+02
2.159429E-03 1.270815E+01 6.030930E-02 9.411041E+02 3.481295E+01 8.380447E+17 1.566063E-01 1.000000E-24 1.000000E-24 3.609451E-01 3.090635E+01 1.850515E+02
2.329344E-03 1.276395E+01 5.450819E-02 9.411909E+02 3.513378E+01 7.766720E+17 1.449932E-01 1.000000E-24 1.000000E-24 3.326290E-01 3.055339E+01 1.864930E+02
2.505477E-03 1.281974E+01 4.914024E-02 9.412756E+02 3.542240E+01 7.133031E+17 1.339435E-01 1.000000E-24 1.000000E-24 3.052383E-01 3.020840E+01 1.877337E+02
2.675737E-03 1.287554E+01 4.414881E-02 9.413527E+02 3.567819E+01 6.453534E+17 1.235341E-01 1.000000E-24 1.000000E-24 2.788464E-01 2.989568E+01 1.888715E+02
2.841149E-03 1.293133E+01 3.952931E-02 9.414284E+02 3.588816E+01 5.747451E+17 1.136310E-01 1.000000E-24 1.000000E-24 2.531063E-01 2.961095E+01 1.897124E+02
2.977711E-03 1.298712E+01 3.523889E-02 9.414929E+02 3.605744E+01 4.984817E+17 1.043738E-01 1.000000E-24 1.000000E-24 2.283337E-01 2.940489E+01 1.905425E+02
3.365252E-03 1.304292E+01 3.500000E-02 9.415569E+02 3.621687E+01 4.818289E+17 9.792068E-02 1.000000E-24 1.000000E-24 2.278767E-01 2.979900E+01 1.940143E+02
3.811345E-03 1.309871E+01 3.500000E-02 9.416213E+02 3.635055E+01 4.686105E+17 9.202516E-02 1.000000E-24 1.000000E-24 2.283563E-01 3.031337E+01 1.977785E+02
4.305012E-03 1.315451E+01 3.500000E-02 9.416853E+02 3.645715E+01 4.565279E+17 8.650813E-02 1.000000E-24 1.000000E-24 2.282815E-01 3.092043E+01 2.016732E+02
4.853717E-03 1.321030E+01 3.500000E-02 9.417489E+02 3.653938E+01 4.480474E+17 8.133873E-02 1.000000E-24 1.000000E-24 2.276965E-01 3.161882E+01 2.056999E+02
5.470701E-03 1.326609E+01 3.500000E-02 9.418119E+02 3.660319E+01 4.468240E+17 7.649525E-02 1.000000E-24 1.000000E-24 2.267092E-01 3.240022E+01 2.098694E+02
6.179763E-03 1.332189E+01 3.500000E-02 9.418745E+02 3.665864E+01 4.579959E+17 7.196469E-02 1.000000E-24 1.000000E-24 2.254950E-01 3.324795E+01 2.142070E+02
7.022870E-03 1.337768E+01 3.500000E-02 9.419368E+02 3.672081E+01 4.884703E+17 6.774147E-02 1.000000E-24 1.000000E-24 2.242941E-01 3.413602E+01 2.187573E+02
8.071851E-03 1.343348E+01 3.500000E-02 9.419995E+02 3.681064E+01 5.472103E+17 6.382620E-02 1.000000E-24 1.000000E-24 2.234108E-01 3.502771E+01 2.235877E+02
9.445899E-03 1.348927E+01 3.500000E-02 9.420634E+02 3.695582E+01 6.455372E+17 6.022460E-02 1.000000E-24 1.000000E-24 2.232185E-01 3.587321E+01 2.287875E+02
1.133724E-02 1.354506E+01 3.500000E-02 9.421300E+02 3.719187E+01 7.974745E+17 5.694741E-02 1.000000E-24 1.000000E-24 2.241818E-01 3.660473E+01 2.344604E+02
1.404831E-02 1.360086E+01 3.500000E-02 9.422015E+02 3.756347E+01 1.020169E+18 5.401144E-02 1.000000E-24 1.000000E-24 2.269085E-01 3.712706E+01 2.406986E+02
1.804512E-02 1.365665E+01 3.500000E-02 9.422809E+02 3.812631E+01 1.334505E+18 5.144241E-02 1.000000E-24 1.000000E-24 2.322560E-01 3.730047E+01 2.475217E+02
2.403420E-02 1.371245E+01 3.500000E-02 9.423724E+02 3.894954E+01 1.766286E+18 4.927991E-02 1.000000E-24 1.000000E-24 2.415475E-01 3.691079E+01 2.547345E+02
3.307712E-02 1.376824E+01 3.500000E-02 9.424815E+02 4.011932E+01 2.349232E+18 4.758522E-02 1.000000E-24 1.000000E-24 2.570375E-01 3.562070E+01 2.615960E+02
4.677604E-02 1.382403E+01 3.500000E-02 9.426155E+02 4.174437E+01 3.133817E+18 4.644873E-02 1.000000E-24 1.000000E-24 2.830026E-01 3.290344E+01 2.660503E+02
6.762860E-02 1.387983E+01 3.500000E-02 9.427843E+02 4.396509E+01 4.213604E+18 4.596652E-02 3.533408E-21 1.000000E-24 3.285353E-01 2.802280E+01 2.630423E+02
9.982894E-02 1.393562E+01 3.500000E-02 9.430013E+02 4.696576E+01 5.784619E+18 4.596983E-02 4.749113E-15 1.000000E-24 4.148909E-01 2.040660E+01 2.419004E+02
1.448146E-01 1.399142E+01 3.500000E-02 9.432902E+02 5.060583E+01 8.888515E+18 2.216328E-02 3.500000E-02 1.000000E-24 1.000000E-24 1.800000E+00 4.000000E+00
2.321099E-01 1.404721E+01 3.500000E-02 9.436668E+02 5.612126E+01 1.179114E+19 2.373990E-02 1.113672E-02 1.000000E-24 6.537886E-01 2.523520E+00 5.471910E+01
3.635578E-01 1.410300E+01 3.500000E-02 9.441904E+02 6.229272E+01 1.576827E+19 1.870948E-02 3.500000E-02 1.000000E-24 1.000000E-24 1.800000E+00 4.000000E+00
5.604859E-01 1.415880E+01 3.500000E-02 9.449063E+02 6.918384E+01 2.062687E+19 1.719091E-02 3.500000E-02 1.000000E-24 1.000000E-24 1.800000E+00 4.000000E+00
8.518846E-01 1.421459E+01 3.500000E-02 9.458696E+02 7.688817E+01 2.672543E+19 1.579622E-02 3.500000E-02 1.000000E-24 1.000000E-24 1.800000E+00 4.000000E+00
1.279282E+00 1.427039E+01 3.500000E-02 9.471490E+02 8.550543E+01 3.434318E+19 1.451530E-02 3.500000E-02 1.000000E-24 1.000000E-24 1.800000E+00 4.000000E+00
1.901378E+00 1.432618E+01 3.500000E-02 9.488293E+02 9.514796E+01 4.381757E+19 1.333886E-02 3.500000E-02 1.000000E-24 1.000000E-24 1.800000E+00 4.000000E+00
2.795012E+00 1.438197E+01 3.579897E-02 9.510198E+02 1.057297E+02 5.546728E+19 1.228131E-02 3.579897E-02 1.000000E-24 1.000000E-24 1.800000E+00 4.000000E+00
4.028810E+00 1.443777E+01 4.164781E-02 9.538269E+02 1.160650E+02 6.919759E+19 1.144282E-02 4.164780E-02 1.000000E-24 1.000000E-24 1.800000E+00 4.000000E+00
5.773227E+00 1.449356E+01 4.825835E-02 9.573567E+02 1.272405E+02 8.595513E+19 1.067146E-02 4.825835E-02 1.000000E-24 1.000000E-24 1.800000E+00 4.000000E+00
8.231452E+00 1.454936E+01 5.567921E-02 9.617880E+02 1.392932E+02 1.063698E+20 9.956186E-03 5.567921E-02 1.000000E-24 1.000000E-24 1.800000E+00 4.000000E+00
1.168778E+01 1.460515E+01 6.395138E-02 9.673556E+02 1.522578E+02 1.312148E+20 9.288308E-03 6.395138E-02 1.000000E-24 1.000000E-24 1.800000E+00 4.000000E+00
1.652974E+01 1.466094E+01 7.307123E-02 9.742840E+02 1.661407E+02 1.613806E+20 8.668667E-03 7.307123E-02 1.000000E-24 1.000000E-24 1.800000E+00 4.000000E+00
2.329737E+01 1.471674E+01 8.303365E-02 9.828826E+02 1.809574E+02 1.979642E+20 8.092153E-03 8.303365E-02 1.000000E-24 1.000000E-24 1.800000E+00 4.000000E+00
3.273719E+01 1.477253E+01 9.381136E-02 9.935227E+02 1.967167E+02 2.422856E+20 7.555001E-03 9.381136E-02 1.000000E-24 1.000000E-24 1.800000E+00 4.000000E+00
4.588034E+01 1.482833E+01 1.053561E-01 1.006652E+03 2.134225E+02 2.959330E+20 7.054099E-03 1.053561E-01 1.000000E-24 1.000000E-24 1.800000E+00 4.000000E+00
6.414994E+01 1.488412E+01 1.176003E-01 1.022809E+03 2.310758E+02 3.608170E+20 6.586720E-03 1.176003E-01 1.000000E-24 1.000000E-24 1.800000E+00 4.000000E+00
8.951217E+01 1.493991E+01 1.304635E-01 1.042659E+03 2.496773E+02 4.392462E+20 6.150128E-03 1.304635E-01 1.000000E-24 1.000000E-24 1.800000E+00 4.000000E+00
1.246796E+02 1.499571E+01 1.438523E-01 1.067009E+03 2.692276E+02 5.340006E+20 5.741951E-03 1.438522E-01 1.000000E-24 1.000000E-24 1.800000E+00 4.000000E+00
1.733720E+02 1.505150E+01 1.576568E-01 1.096793E+03 2.897228E+02 6.483743E+20 5.360787E-03 1.576567E-01 1.000000E-24 1.000000E-24 1.800000E+00 4.000000E+00
2.407134E+02 1.510730E+01 1.717682E-01 1.133168E+03 3.111650E+02 7.863416E+20 5.004767E-03 1.717682E-01 1.000000E-24 1.000000E-24 1.800000E+00 4.000000E+00
3.337796E+02 1.516309E+01 1.860845E-01 1.177591E+03 3.335630E+02 9.527320E+20 4.671688E-03 1.860846E-01 1.000000E-24 1.000000E-24 1.800000E+00 4.000000E+00
4.622140E+02 1.521888E+01 2.004906E-01 1.231693E+03 3.569195E+02 1.153179E+21 4.360694E-03 2.004906E-01 1.000000E-24 1.000000E-24 1.800000E+00 4.000000E+00
6.392914E+02 1.527468E+01 2.148875E-01 1.297530E+03 3.812477E+02 1.394515E+21 4.070215E-03 2.148875E-01 1.000000E-24 1.000000E-24 1.800000E+00 4.000000E+00
8.832127E+02 1.533047E+01 2.291836E-01 1.377586E+03 4.065644E+02 1.684911E+21 3.798851E-03 2.291836E-01 1.000000E-24 1.000000E-24 1.800000E+00 4.000000E+00
1.218801E+03 1.538627E+01 2.432902E-01 1.474758E+03 4.328868E+02 2.033993E+21 3.545665E-03 2.432902E-01 1.000000E-24 1.000000E-24 1.800000E+00 4.000000E+00
1.680090E+03 1.544206E+01 2.571350E-01 1.592622E+03 4.602401E+02 2.453360E+21 3.309409E-03 2.571350E-01 1.000000E-24 1.000000E-24 1.800000E+00 4.000000E+00
2.313547E+03 1.549785E+01 2.706542E-01 1.735447E+03 4.886527E+02 2.956790E+21 3.089031E-03 2.706542E-01 1.000000E-24 1.000000E-24 1.800000E+00 4.000000E+00
3.182483E+03 1.555365E+01 2.837922E-01 1.908282E+03 5.181556E+02 3.560589E+21 2.883652E-03 2.837922E-01 1.000000E-24 1.000000E-24 1.800000E+00 4.000000E+00
4.373295E+03 1.560944E+01 2.965056E-01 2.117234E+03 5.487851E+02 4.284226E+21 2.692323E-03 2.965056E-01 1.000000E-24 1.000000E-24 1.800000E+00 4.000000E+00
6.003722E+03 1.566524E+01 3.087608E-01 2.369627E+03 5.805817E+02 5.150873E+21 2.514136E-03 3.087608E-01 1.000000E-24 1.000000E-24 1.800000E+00 4.000000E+00
8.234040E+03 1.572103E+01 3.205324E-01 2.674214E+03 6.135895E+02 6.188052E+21 2.348259E-03 3.205324E-01 1.000000E-24 1.000000E-24 1.800000E+00 4.000000E+00
1.128207E+04 1.577682E+01 3.318018E-01 3.041384E+03 6.478556E+02 7.428345E+21 2.193955E-03 3.318018E-01 1.000000E-24 1.000000E-24 1.800000E+00 4.000000E+00
1.544396E+04 1.583262E+01 3.425582E-01 3.483584E+03 6.834310E+02 8.910500E+21 2.050489E-03 3.425582E-01 1.000000E-24 1.000000E-24 1.800000E+00 4.000000E+00
2.112192E+04 1.588841E+01 3.527968E-01 4.015661E+03 7.203709E+02 1.068048E+22 1.917168E-03 3.527968E-01 1.000000E-24 1.000000E-24 1.800000E+00 4.000000E+00
2.886188E+04 1.594421E+01 3.625182E-01 4.655312E+03 7.587333E+02 1.279282E+22 1.793347E-03 3.625181E-01 1.000000E-24 1.000000E-24 1.800000E+00 4.000000E+00
3.940423E+04 1.600000E+01 3.717270E-01 5.423612E+03 7.985803E+02 1.531214E+22 1.678419E-03 3.717270E-01 1.000000E-24 1.000000E-24 1.800000E+00 4.000000E+00
