# HS equation of state (sfho)
# Beta-equilibrium 
# temperature T = 0.1 MeV
#
# 1: pressure[MeV/fm3], 
# 2: log10(rho[cgs])
# 3: Y_e
# 4: internal energy [MeV/baryon]
# 5: muhat [MeV]
# 6: sound velocity [?cm/s]
# 7: specific entropy [kB/baryon]
# 8: mass fraction of neutrons: Xn
# 9: mass fraction of protons: Xp
# 10: mass fraction of deuterons: Xd
# 11: mass fraction of tritons: Xt
# 12: mass fraction of helions: Xh
# 13: mass fraction of alphas" Xalp
# 14: mass fraction of heavy nuclei XA
# 15: average atomic mass of heavy nuclei: A
# 16: average charge of heavy nuclei: Z
#
# ...Loading EOS-table from eos/eos_sfho.txt...
#  nrho, ntemp, nye, nvars = 326 81 60 14
# ...Done reading EOS file...
#
3.180880e-12 3.220249e+00 4.621119e-01 9.409910e+02 5.131748e-01 0.000000e+00 1.403209e+02 1.000000e-24 1.000000e-24 1.000000e-24 1.000000e-24 1.000000e-24 8.664475e-22 1.000000e+00 5.680334e+01 2.624687e+01
3.181687e-12 3.260249e+00 4.621093e-01 9.400441e+02 5.133122e-01 0.000000e+00 1.280536e+02 1.000000e-24 1.000000e-24 1.000000e-24 1.000000e-24 1.000000e-24 7.942886e-22 1.000000e+00 5.680641e+01 2.624814e+01
3.182640e-12 3.300249e+00 4.621067e-01 9.391810e+02 5.134582e-01 0.000000e+00 1.168689e+02 1.000000e-24 1.000000e-24 1.000000e-24 1.000000e-24 1.000000e-24 7.281101e-22 1.000000e+00 5.680949e+01 2.624942e+01
3.183765e-12 3.340249e+00 4.621040e-01 9.383943e+02 5.136135e-01 0.000000e+00 1.066718e+02 1.000000e-24 1.000000e-24 1.000000e-24 1.000000e-24 1.000000e-24 6.674193e-22 1.000000e+00 5.681259e+01 2.625070e+01
3.185096e-12 3.380249e+00 4.621013e-01 9.376773e+02 5.137786e-01 0.000000e+00 9.737581e+01 1.000000e-24 1.000000e-24 1.000000e-24 1.000000e-24 1.000000e-24 6.117604e-22 1.000000e+00 5.681571e+01 2.625198e+01
3.186669e-12 3.420249e+00 4.620985e-01 9.370238e+02 5.139540e-01 0.000000e+00 8.890188e+01 1.000000e-24 1.000000e-24 1.000000e-24 1.000000e-24 1.000000e-24 5.607191e-22 1.000000e+00 5.681884e+01 2.625328e+01
3.188530e-12 3.460249e+00 4.620957e-01 9.364283e+02 5.141405e-01 0.000000e+00 8.117806e+01 1.000000e-24 1.000000e-24 1.000000e-24 1.000000e-24 1.000000e-24 5.139126e-22 1.000000e+00 5.682199e+01 2.625457e+01
3.190732e-12 3.500249e+00 4.620929e-01 9.358860e+02 5.143387e-01 0.000000e+00 7.413871e+01 1.000000e-24 1.000000e-24 1.000000e-24 1.000000e-24 1.000000e-24 4.709903e-22 1.000000e+00 5.682517e+01 2.625588e+01
3.193338e-12 3.540249e+00 4.620900e-01 9.353919e+02 5.145494e-01 0.000000e+00 6.772397e+01 1.000000e-24 1.000000e-24 1.000000e-24 1.000000e-24 1.000000e-24 4.316321e-22 1.000000e+00 5.682836e+01 2.625720e+01
3.196421e-12 3.580249e+00 4.620871e-01 9.349419e+02 5.147733e-01 0.000000e+00 6.187927e+01 1.000000e-24 1.000000e-24 1.000000e-24 1.000000e-24 1.000000e-24 3.955416e-22 1.000000e+00 5.683158e+01 2.625852e+01
3.200065e-12 3.620249e+00 4.620841e-01 9.345324e+02 5.150113e-01 0.000000e+00 5.655483e+01 1.000000e-24 1.000000e-24 1.000000e-24 1.000000e-24 1.000000e-24 3.624493e-22 1.000000e+00 5.683481e+01 2.625984e+01
3.204367e-12 3.660249e+00 4.620811e-01 9.341595e+02 5.152643e-01 0.000000e+00 5.170525e+01 1.000000e-24 1.000000e-24 1.000000e-24 1.000000e-24 1.000000e-24 3.321071e-22 1.000000e+00 5.683807e+01 2.626118e+01
3.209443e-12 3.700249e+00 4.620780e-01 9.338203e+02 5.155331e-01 0.000000e+00 4.728909e+01 1.000000e-24 1.000000e-24 1.000000e-24 1.000000e-24 1.000000e-24 3.042865e-22 1.000000e+00 5.684135e+01 2.626252e+01
3.215422e-12 3.740249e+00 4.620748e-01 9.335119e+02 5.158188e-01 0.000000e+00 4.326854e+01 1.000000e-24 1.000000e-24 1.000000e-24 1.000000e-24 1.000000e-24 2.787790e-22 1.000000e+00 5.684466e+01 2.626387e+01
3.222451e-12 3.780249e+00 4.620716e-01 9.332314e+02 5.161224e-01 0.000000e+00 3.960908e+01 1.000000e-24 1.000000e-24 1.000000e-24 1.000000e-24 1.000000e-24 2.553938e-22 1.000000e+00 5.684799e+01 2.626522e+01
3.230699e-12 3.820249e+00 4.620683e-01 9.329767e+02 5.164451e-01 0.000000e+00 3.627914e+01 1.000000e-24 1.000000e-24 1.000000e-24 1.000000e-24 1.000000e-24 2.339540e-22 1.000000e+00 5.685135e+01 2.626658e+01
3.240350e-12 3.860249e+00 4.620649e-01 9.327452e+02 5.167879e-01 0.000000e+00 3.324988e+01 1.000000e-24 1.000000e-24 1.000000e-24 1.000000e-24 1.000000e-24 2.142991e-22 1.000000e+00 5.685473e+01 2.626796e+01
3.251614e-12 3.900249e+00 4.620615e-01 9.325352e+02 5.171522e-01 0.000000e+00 3.049489e+01 1.000000e-24 1.000000e-24 1.000000e-24 1.000000e-24 1.000000e-24 1.962807e-22 1.000000e+00 5.685815e+01 2.626935e+01
3.264717e-12 3.940249e+00 4.620580e-01 9.323446e+02 5.175394e-01 0.000000e+00 2.799000e+01 1.000000e-24 1.000000e-24 1.000000e-24 1.000000e-24 1.000000e-24 1.797637e-22 1.000000e+00 5.686159e+01 2.627074e+01
3.279908e-12 3.980249e+00 4.620543e-01 9.321718e+02 5.179507e-01 0.000000e+00 2.571305e+01 1.000000e-24 1.000000e-24 1.000000e-24 1.000000e-24 1.000000e-24 1.646232e-22 1.000000e+00 5.686505e+01 2.627213e+01
3.297455e-12 4.020249e+00 4.620506e-01 9.320151e+02 5.183876e-01 0.000000e+00 2.364372e+01 1.000000e-24 1.000000e-24 1.000000e-24 1.000000e-24 1.000000e-24 1.507449e-22 1.000000e+00 5.686856e+01 2.627354e+01
3.317647e-12 4.060249e+00 4.620468e-01 9.318732e+02 5.188519e-01 0.000000e+00 2.176335e+01 1.000000e-24 1.000000e-24 1.000000e-24 1.000000e-24 1.000000e-24 1.380245e-22 1.000000e+00 5.687210e+01 2.627496e+01
3.340793e-12 4.100249e+00 4.620429e-01 9.317446e+02 5.193451e-01 0.000000e+00 2.005483e+01 1.000000e-24 1.000000e-24 1.000000e-24 1.000000e-24 1.000000e-24 1.263658e-22 1.000000e+00 5.687566e+01 2.627639e+01
3.367217e-12 4.140249e+00 4.620388e-01 9.316283e+02 5.198690e-01 0.000000e+00 1.850246e+01 1.000000e-24 1.000000e-24 1.000000e-24 1.000000e-24 1.000000e-24 1.156807e-22 1.000000e+00 5.687926e+01 2.627782e+01
3.397270e-12 4.180249e+00 4.620347e-01 9.315230e+02 5.204255e-01 0.000000e+00 1.709185e+01 1.000000e-24 1.000000e-24 1.000000e-24 1.000000e-24 1.000000e-24 1.058882e-22 1.000000e+00 5.688291e+01 2.627927e+01
3.431317e-12 4.220249e+00 4.620304e-01 9.314277e+02 5.210166e-01 0.000000e+00 1.580982e+01 1.000000e-24 1.000000e-24 1.000000e-24 1.000000e-24 1.000000e-24 9.691419e-23 1.000000e+00 5.688659e+01 2.628073e+01
3.469750e-12 4.260249e+00 4.620260e-01 9.313415e+02 5.216443e-01 0.000000e+00 1.464432e+01 1.000000e-24 1.000000e-24 1.000000e-24 1.000000e-24 1.000000e-24 8.869094e-23 1.000000e+00 5.689031e+01 2.628220e+01
3.512986e-12 4.300249e+00 4.620215e-01 9.312635e+02 5.223110e-01 0.000000e+00 1.358438e+01 1.000000e-24 1.000000e-24 1.000000e-24 1.000000e-24 1.000000e-24 8.115586e-23 1.000000e+00 5.689407e+01 2.628369e+01
3.561473e-12 4.340249e+00 4.620167e-01 9.311930e+02 5.230190e-01 0.000000e+00 1.261995e+01 1.000000e-24 1.000000e-24 1.000000e-24 1.000000e-24 1.000000e-24 7.425174e-23 1.000000e+00 5.689787e+01 2.628518e+01
3.615690e-12 4.380249e+00 4.620119e-01 9.311291e+02 5.237707e-01 0.000000e+00 1.174194e+01 1.000000e-24 1.000000e-24 1.000000e-24 1.000000e-24 1.000000e-24 6.792618e-23 1.000000e+00 5.690172e+01 2.628668e+01
3.676157e-12 4.420249e+00 4.620068e-01 9.310713e+02 5.245689e-01 0.000000e+00 1.094209e+01 1.000000e-24 1.000000e-24 1.000000e-24 1.000000e-24 1.000000e-24 6.213104e-23 1.000000e+00 5.690562e+01 2.628820e+01
3.743441e-12 4.460249e+00 4.620016e-01 9.310190e+02 5.254163e-01 0.000000e+00 1.021290e+01 1.000000e-24 1.000000e-24 1.000000e-24 1.000000e-24 1.000000e-24 5.682223e-23 1.000000e+00 5.690957e+01 2.628973e+01
3.818157e-12 4.500249e+00 4.619962e-01 9.309716e+02 5.263158e-01 0.000000e+00 9.547612e+00 1.000000e-24 1.000000e-24 1.000000e-24 1.000000e-24 1.000000e-24 5.195925e-23 1.000000e+00 5.691357e+01 2.629127e+01
3.900978e-12 4.540249e+00 4.619906e-01 9.309286e+02 5.272706e-01 0.000000e+00 8.940099e+00 1.000000e-24 1.000000e-24 1.000000e-24 1.000000e-24 1.000000e-24 4.750493e-23 1.000000e+00 5.691763e+01 2.629284e+01
3.992646e-12 4.580249e+00 4.619848e-01 9.308897e+02 5.282839e-01 0.000000e+00 8.384838e+00 1.000000e-24 1.000000e-24 1.000000e-24 1.000000e-24 1.000000e-24 4.342525e-23 1.000000e+00 5.692174e+01 2.629440e+01
4.093972e-12 4.620249e+00 4.619788e-01 9.308544e+02 5.293593e-01 0.000000e+00 7.876842e+00 1.000000e-24 1.000000e-24 1.000000e-24 1.000000e-24 1.000000e-24 3.968902e-23 1.000000e+00 5.692591e+01 2.629599e+01
4.205852e-12 4.660249e+00 4.619725e-01 9.308224e+02 5.305004e-01 0.000000e+00 7.411618e+00 1.000000e-24 1.000000e-24 1.000000e-24 1.000000e-24 1.000000e-24 3.626763e-23 1.000000e+00 5.693015e+01 2.629760e+01
4.329271e-12 4.700249e+00 4.619659e-01 9.307934e+02 5.317110e-01 0.000000e+00 6.985111e+00 1.000000e-24 1.000000e-24 1.000000e-24 1.000000e-24 1.000000e-24 3.313477e-23 1.000000e+00 5.693445e+01 2.629922e+01
4.465316e-12 4.740249e+00 4.619591e-01 9.307671e+02 5.329953e-01 0.000000e+00 6.593666e+00 1.000000e-24 1.000000e-24 1.000000e-24 1.000000e-24 1.000000e-24 3.026639e-23 1.000000e+00 5.693882e+01 2.630086e+01
4.615187e-12 4.780249e+00 4.619521e-01 9.307432e+02 5.343574e-01 0.000000e+00 6.233987e+00 1.000000e-24 1.000000e-24 1.000000e-24 1.000000e-24 1.000000e-24 2.764044e-23 1.000000e+00 5.694325e+01 2.630250e+01
4.780207e-12 4.820249e+00 4.619447e-01 9.307214e+02 5.358021e-01 0.000000e+00 5.903101e+00 1.000000e-24 1.000000e-24 1.000000e-24 1.000000e-24 1.000000e-24 2.523664e-23 1.000000e+00 5.694776e+01 2.630418e+01
4.961838e-12 4.860249e+00 4.619370e-01 9.307017e+02 5.373339e-01 0.000000e+00 5.598322e+00 1.000000e-24 1.000000e-24 1.000000e-24 1.000000e-24 1.000000e-24 2.303642e-23 1.000000e+00 5.695236e+01 2.630587e+01
5.161694e-12 4.900249e+00 4.619289e-01 9.306838e+02 5.389579e-01 0.000000e+00 5.317231e+00 1.000000e-24 1.000000e-24 1.000000e-24 1.000000e-24 1.000000e-24 2.102277e-23 1.000000e+00 5.695703e+01 2.630758e+01
5.381561e-12 4.940249e+00 4.619205e-01 9.306675e+02 5.406793e-01 0.000000e+00 5.057637e+00 1.000000e-24 1.000000e-24 1.000000e-24 1.000000e-24 1.000000e-24 1.918012e-23 1.000000e+00 5.696180e+01 2.630930e+01
5.623409e-12 4.980249e+00 4.619117e-01 9.306528e+02 5.425038e-01 0.000000e+00 4.817564e+00 1.000000e-24 1.000000e-24 1.000000e-24 1.000000e-24 1.000000e-24 1.749411e-23 1.000000e+00 5.696665e+01 2.631105e+01
5.889422e-12 5.020249e+00 4.619026e-01 9.306393e+02 5.444370e-01 0.000000e+00 4.595225e+00 1.000000e-24 1.000000e-24 1.000000e-24 1.000000e-24 1.000000e-24 1.595166e-23 1.000000e+00 5.697159e+01 2.631282e+01
6.182014e-12 5.060249e+00 4.618930e-01 9.306271e+02 5.464851e-01 0.000000e+00 4.389002e+00 1.000000e-24 1.000000e-24 1.000000e-24 1.000000e-24 1.000000e-24 1.454074e-23 1.000000e+00 5.697664e+01 2.631461e+01
6.503857e-12 5.100249e+00 4.618829e-01 9.306160e+02 5.486545e-01 0.000000e+00 4.197433e+00 1.000000e-24 1.000000e-24 1.000000e-24 1.000000e-24 1.000000e-24 1.325029e-23 1.000000e+00 5.698178e+01 2.631642e+01
6.857914e-12 5.140249e+00 4.618724e-01 9.306059e+02 5.509518e-01 0.000000e+00 4.019194e+00 1.000000e-24 1.000000e-24 1.000000e-24 1.000000e-24 1.000000e-24 1.207026e-23 1.000000e+00 5.698704e+01 2.631826e+01
7.247471e-12 5.180249e+00 4.618614e-01 9.305967e+02 5.533841e-01 0.000000e+00 3.853085e+00 1.000000e-24 1.000000e-24 1.000000e-24 1.000000e-24 1.000000e-24 1.099131e-23 1.000000e+00 5.699241e+01 2.632013e+01
7.676171e-12 5.220249e+00 4.618499e-01 9.305884e+02 5.559586e-01 0.000000e+00 3.698021e+00 1.000000e-24 1.000000e-24 1.000000e-24 1.000000e-24 1.000000e-24 1.000499e-23 1.000000e+00 5.699790e+01 2.632202e+01
8.148063e-12 5.260249e+00 4.618378e-01 9.305808e+02 5.586831e-01 0.000000e+00 3.553018e+00 1.000000e-24 1.000000e-24 1.000000e-24 1.000000e-24 1.000000e-24 9.169233e-24 1.000000e+00 5.700351e+01 2.632394e+01
8.667647e-12 5.300249e+00 4.618252e-01 9.305740e+02 5.615655e-01 0.000000e+00 3.417184e+00 1.000000e-24 1.000000e-24 1.000000e-24 1.000000e-24 1.000000e-24 8.408572e-24 1.000000e+00 5.700926e+01 2.632588e+01
9.239930e-12 5.340249e+00 4.618119e-01 9.305678e+02 5.646143e-01 0.000000e+00 3.289711e+00 1.000000e-24 1.000000e-24 1.000000e-24 1.000000e-24 1.000000e-24 7.714032e-24 1.000000e+00 5.701514e+01 2.632784e+01
9.870492e-12 5.380249e+00 4.617980e-01 9.305622e+02 5.678380e-01 0.000000e+00 3.169866e+00 1.000000e-24 1.000000e-24 1.000000e-24 1.000000e-24 1.000000e-24 7.080055e-24 1.000000e+00 5.702116e+01 2.632984e+01
1.056555e-11 5.420249e+00 4.617834e-01 9.305571e+02 5.712458e-01 0.000000e+00 3.056986e+00 1.000000e-24 1.000000e-24 1.000000e-24 1.000000e-24 1.000000e-24 6.501500e-24 1.000000e+00 5.702732e+01 2.633188e+01
1.133205e-11 5.460249e+00 4.617681e-01 9.305525e+02 5.748471e-01 0.000000e+00 2.950470e+00 1.000000e-24 1.000000e-24 1.000000e-24 1.000000e-24 1.000000e-24 5.973712e-24 1.000000e+00 5.703365e+01 2.633394e+01
1.217775e-11 5.500249e+00 4.617521e-01 9.305483e+02 5.786518e-01 0.000000e+00 2.849770e+00 1.000000e-24 1.000000e-24 1.000000e-24 1.000000e-24 1.000000e-24 5.492386e-24 1.000000e+00 5.704014e+01 2.633604e+01
1.311134e-11 5.540249e+00 4.617352e-01 9.305446e+02 5.826699e-01 0.000000e+00 2.754397e+00 1.000000e-24 1.000000e-24 1.000000e-24 1.000000e-24 1.000000e-24 5.053592e-24 1.000000e+00 5.704679e+01 2.633817e+01
1.414253e-11 5.580249e+00 4.617176e-01 9.305413e+02 5.869122e-01 0.000000e+00 2.663901e+00 1.000000e-24 1.000000e-24 1.000000e-24 1.000000e-24 1.000000e-24 4.653728e-24 1.000000e+00 5.705363e+01 2.634034e+01
1.528226e-11 5.620249e+00 4.616991e-01 9.305383e+02 5.913895e-01 0.000000e+00 2.577878e+00 1.000000e-24 1.000000e-24 1.000000e-24 1.000000e-24 1.000000e-24 4.289497e-24 1.000000e+00 5.706065e+01 2.634254e+01
1.654277e-11 5.660249e+00 4.616796e-01 9.305356e+02 5.961132e-01 0.000000e+00 2.495964e+00 1.000000e-24 1.000000e-24 1.000000e-24 1.000000e-24 1.000000e-24 3.957872e-24 1.000000e+00 5.706786e+01 2.634478e+01
1.793786e-11 5.700249e+00 4.616592e-01 9.305333e+02 6.010951e-01 0.000000e+00 2.417827e+00 1.000000e-24 1.000000e-24 1.000000e-24 1.000000e-24 1.000000e-24 3.656087e-24 1.000000e+00 5.707528e+01 2.634706e+01
1.948304e-11 5.740249e+00 4.616379e-01 9.305313e+02 6.063473e-01 0.000000e+00 2.343170e+00 1.000000e-24 1.000000e-24 1.000000e-24 1.000000e-24 1.000000e-24 3.381599e-24 1.000000e+00 5.708291e+01 2.634939e+01
2.119580e-11 5.780249e+00 4.616154e-01 9.305296e+02 6.118823e-01 0.000000e+00 2.271722e+00 1.000000e-24 1.000000e-24 1.000000e-24 1.000000e-24 1.000000e-24 3.132091e-24 1.000000e+00 5.709075e+01 2.635175e+01
2.309590e-11 5.820249e+00 4.615919e-01 9.305280e+02 6.177132e-01 0.000000e+00 2.203244e+00 1.000000e-24 1.000000e-24 1.000000e-24 1.000000e-24 1.000000e-24 2.905434e-24 1.000000e+00 5.709882e+01 2.635416e+01
2.520567e-11 5.860249e+00 4.615672e-01 9.305267e+02 6.238531e-01 0.000000e+00 2.137516e+00 1.000000e-24 1.000000e-24 1.000000e-24 1.000000e-24 1.000000e-24 2.699682e-24 1.000000e+00 5.710713e+01 2.635662e+01
2.755034e-11 5.900249e+00 4.615413e-01 9.305257e+02 6.303158e-01 0.000000e+00 2.074344e+00 1.000000e-24 1.000000e-24 1.000000e-24 1.000000e-24 1.000000e-24 2.513049e-24 1.000000e+00 5.711569e+01 2.635911e+01
3.015851e-11 5.940249e+00 4.615142e-01 9.305249e+02 6.371154e-01 0.000000e+00 2.013552e+00 1.000000e-24 1.000000e-24 1.000000e-24 1.000000e-24 1.000000e-24 2.343903e-24 1.000000e+00 5.712450e+01 2.636166e+01
3.306257e-11 5.980249e+00 4.614858e-01 9.305243e+02 6.442665e-01 0.000000e+00 1.954983e+00 1.000000e-24 1.000000e-24 1.000000e-24 1.000000e-24 1.000000e-24 2.190742e-24 1.000000e+00 5.713358e+01 2.636426e+01
3.629931e-11 6.020249e+00 4.614560e-01 9.305239e+02 6.517837e-01 0.000000e+00 1.898499e+00 1.000000e-24 1.000000e-24 1.000000e-24 1.000000e-24 1.000000e-24 2.052207e-24 1.000000e+00 5.714294e+01 2.636691e+01
3.991046e-11 6.060249e+00 4.614247e-01 9.305238e+02 6.596824e-01 0.000000e+00 1.843974e+00 1.000000e-24 1.000000e-24 1.000000e-24 1.000000e-24 1.000000e-24 1.927039e-24 1.000000e+00 5.715259e+01 2.636961e+01
4.394344e-11 6.100249e+00 4.613920e-01 9.305238e+02 6.679783e-01 0.000000e+00 1.791297e+00 1.000000e-24 1.000000e-24 1.000000e-24 1.000000e-24 1.000000e-24 1.814093e-24 1.000000e+00 5.716253e+01 2.637237e+01
4.845218e-11 6.140249e+00 4.613578e-01 9.305240e+02 6.766872e-01 0.000000e+00 1.740372e+00 1.000000e-24 1.000000e-24 1.000000e-24 1.000000e-24 1.000000e-24 1.712317e-24 1.000000e+00 5.717278e+01 2.637518e+01
5.349801e-11 6.180249e+00 4.613219e-01 9.305244e+02 6.858255e-01 0.000000e+00 1.691109e+00 1.000000e-24 1.000000e-24 1.000000e-24 1.000000e-24 1.000000e-24 1.620754e-24 1.000000e+00 5.718335e+01 2.637805e+01
5.915070e-11 6.220249e+00 4.612844e-01 9.305250e+02 6.954100e-01 0.000000e+00 1.643434e+00 1.000000e-24 1.000000e-24 1.000000e-24 1.000000e-24 1.000000e-24 1.538524e-24 1.000000e+00 5.719425e+01 2.638098e+01
6.548970e-11 6.260249e+00 4.612451e-01 9.305258e+02 7.054576e-01 0.000000e+00 1.597279e+00 1.000000e-24 1.000000e-24 1.000000e-24 1.000000e-24 1.000000e-24 1.464825e-24 1.000000e+00 5.720550e+01 2.638397e+01
7.260545e-11 6.300249e+00 4.612040e-01 9.305269e+02 7.159858e-01 0.000000e+00 1.552582e+00 1.000000e-24 1.000000e-24 1.000000e-24 1.000000e-24 1.000000e-24 1.398922e-24 1.000000e+00 5.721711e+01 2.638703e+01
8.060088e-11 6.340249e+00 4.611611e-01 9.305280e+02 7.270124e-01 0.000000e+00 1.509293e+00 1.000000e-24 1.000000e-24 1.000000e-24 1.000000e-24 1.000000e-24 1.340142e-24 1.000000e+00 5.722908e+01 2.639015e+01
8.959323e-11 6.380249e+00 4.611162e-01 9.305295e+02 7.385554e-01 0.000000e+00 1.467364e+00 1.000000e-24 1.000000e-24 1.000000e-24 1.000000e-24 1.000000e-24 1.287871e-24 1.000000e+00 5.724142e+01 2.639332e+01
9.971596e-11 6.420249e+00 4.610693e-01 9.305311e+02 7.506334e-01 0.000000e+00 1.426752e+00 1.000000e-24 1.000000e-24 1.000000e-24 1.000000e-24 1.000000e-24 1.241549e-24 1.000000e+00 5.725416e+01 2.639657e+01
1.111210e-10 6.460249e+00 4.610203e-01 9.305330e+02 7.632652e-01 0.000000e+00 1.387423e+00 1.000000e-24 1.000000e-24 1.000000e-24 1.000000e-24 1.000000e-24 1.200663e-24 1.000000e+00 5.726731e+01 2.639989e+01
1.239812e-10 6.500249e+00 4.609691e-01 9.305350e+02 7.764699e-01 0.000000e+00 1.349340e+00 1.000000e-24 1.000000e-24 1.000000e-24 1.000000e-24 1.000000e-24 1.164746e-24 1.000000e+00 5.728086e+01 2.640328e+01
1.384933e-10 6.540249e+00 4.609157e-01 9.305373e+02 7.902672e-01 0.000000e+00 1.312475e+00 1.000000e-24 1.000000e-24 1.000000e-24 1.000000e-24 1.000000e-24 1.133369e-24 1.000000e+00 5.729485e+01 2.640673e+01
1.548812e-10 6.580249e+00 4.608599e-01 9.305399e+02 8.046768e-01 0.000000e+00 1.276797e+00 1.000000e-24 1.000000e-24 1.000000e-24 1.000000e-24 1.000000e-24 1.106143e-24 1.000000e+00 5.730927e+01 2.641027e+01
1.733990e-10 6.620249e+00 4.608018e-01 9.305426e+02 8.197191e-01 0.000000e+00 1.242280e+00 1.000000e-24 1.000000e-24 1.000000e-24 1.000000e-24 1.000000e-24 1.082712e-24 1.000000e+00 5.732415e+01 2.641386e+01
1.943361e-10 6.660249e+00 4.607411e-01 9.305456e+02 8.354146e-01 0.000000e+00 1.208899e+00 1.000000e-24 1.000000e-24 1.000000e-24 1.000000e-24 1.000000e-24 1.062753e-24 1.000000e+00 5.733950e+01 2.641754e+01
2.180211e-10 6.700249e+00 4.606779e-01 9.305489e+02 8.517847e-01 0.000000e+00 1.176628e+00 1.000000e-24 1.000000e-24 1.000000e-24 1.000000e-24 1.000000e-24 1.045969e-24 1.000000e+00 5.735531e+01 2.642130e+01
2.448270e-10 6.740249e+00 4.606120e-01 9.305524e+02 8.688504e-01 0.000000e+00 1.145443e+00 1.000000e-24 1.000000e-24 1.000000e-24 1.000000e-24 1.000000e-24 1.032093e-24 1.000000e+00 5.737162e+01 2.642512e+01
2.751775e-10 6.780249e+00 4.605434e-01 9.305562e+02 8.866339e-01 0.000000e+00 1.115318e+00 1.000000e-24 1.000000e-24 1.000000e-24 1.000000e-24 1.000000e-24 1.020880e-24 1.000000e+00 5.738844e+01 2.642903e+01
3.095534e-10 6.820249e+00 4.604719e-01 9.305603e+02 9.051573e-01 0.000000e+00 1.086229e+00 1.000000e-24 1.000000e-24 1.000000e-24 1.000000e-24 1.000000e-24 1.012108e-24 1.000000e+00 5.740575e+01 2.643301e+01
3.485001e-10 6.860249e+00 4.603974e-01 9.305646e+02 9.244433e-01 0.000000e+00 1.058151e+00 1.000000e-24 1.000000e-24 1.000000e-24 1.000000e-24 1.000000e-24 1.005575e-24 1.000000e+00 5.742361e+01 2.643706e+01
3.926361e-10 6.900249e+00 4.603200e-01 9.305693e+02 9.445153e-01 0.000000e+00 1.031056e+00 1.000000e-24 1.000000e-24 1.000000e-24 1.000000e-24 1.000000e-24 1.001098e-24 1.000000e+00 5.744200e+01 2.644119e+01
4.426627e-10 6.940249e+00 4.602394e-01 9.305742e+02 9.653970e-01 0.000000e+00 1.004919e+00 1.000000e-24 1.000000e-24 1.000000e-24 1.000000e-24 1.000000e-24 1.000000e-24 1.000000e+00 5.746094e+01 2.644540e+01
4.993748e-10 6.980249e+00 4.601555e-01 9.305795e+02 9.871125e-01 0.000000e+00 9.797123e-01 1.000000e-24 1.000000e-24 1.000000e-24 1.000000e-24 1.000000e-24 1.000000e-24 1.000000e+00 5.748044e+01 2.644970e+01
5.636725e-10 7.020249e+00 4.600683e-01 9.305850e+02 1.009687e+00 0.000000e+00 9.554083e-01 1.000000e-24 1.000000e-24 1.000000e-24 1.000000e-24 1.000000e-24 1.000000e-24 1.000000e+00 5.750051e+01 2.645406e+01
6.364560e-10 7.060249e+00 4.599140e-01 9.305909e+02 1.033106e+00 0.000000e+00 9.318493e-01 1.000000e-24 1.000000e-24 1.000000e-24 1.000000e-24 1.000000e-24 1.000000e-24 1.000000e+00 5.753725e+01 2.646199e+01
7.185390e-10 7.100249e+00 4.595554e-01 9.305973e+02 1.057307e+00 0.000000e+00 9.087400e-01 1.000000e-24 1.000000e-24 1.000000e-24 1.000000e-24 1.000000e-24 1.000000e-24 1.000000e+00 5.762555e+01 2.648115e+01
8.115313e-10 7.140249e+00 4.591908e-01 9.306040e+02 1.082431e+00 0.000000e+00 8.864579e-01 1.000000e-24 1.000000e-24 1.000000e-24 1.000000e-24 1.000000e-24 1.000000e-24 1.000000e+00 5.771554e+01 2.650074e+01
9.168816e-10 7.180249e+00 4.588205e-01 9.306111e+02 1.108504e+00 0.000000e+00 8.649739e-01 1.000000e-24 1.000000e-24 1.000000e-24 1.000000e-24 1.000000e-24 1.000000e-24 1.000000e+00 5.780716e+01 2.652072e+01
1.036228e-09 7.220249e+00 4.584446e-01 9.306184e+02 1.135553e+00 0.000000e+00 8.442590e-01 1.000000e-24 1.000000e-24 1.000000e-24 1.000000e-24 1.000000e-24 1.000000e-24 1.000000e+00 5.790033e+01 2.654107e+01
1.171423e-09 7.260249e+00 4.580636e-01 9.306262e+02 1.163607e+00 0.000000e+00 8.242843e-01 1.000000e-24 1.000000e-24 1.000000e-24 1.000000e-24 1.000000e-24 1.000000e-24 1.000000e+00 5.799497e+01 2.656178e+01
1.324561e-09 7.300249e+00 4.576775e-01 9.306343e+02 1.192695e+00 0.000000e+00 8.050212e-01 1.000000e-24 1.000000e-24 1.000000e-24 1.000000e-24 1.000000e-24 1.000000e-24 1.000000e+00 5.809099e+01 2.658282e+01
1.498009e-09 7.340249e+00 4.572868e-01 9.306428e+02 1.222846e+00 0.000000e+00 7.864415e-01 1.000000e-24 1.000000e-24 1.000000e-24 1.000000e-24 1.000000e-24 1.000000e-24 1.000000e+00 5.818830e+01 2.660418e+01
1.694446e-09 7.380249e+00 4.568918e-01 9.306516e+02 1.254090e+00 0.000000e+00 7.685178e-01 1.000000e-24 1.000000e-24 1.000000e-24 1.000000e-24 1.000000e-24 1.000000e-24 1.000000e+00 5.828680e+01 2.662581e+01
1.916898e-09 7.420249e+00 4.564928e-01 9.306609e+02 1.286460e+00 0.000000e+00 7.512231e-01 1.000000e-24 1.000000e-24 1.000000e-24 1.000000e-24 1.000000e-24 1.000000e-24 1.000000e+00 5.838638e+01 2.664769e+01
2.168785e-09 7.460249e+00 4.560900e-01 9.306705e+02 1.319988e+00 0.000000e+00 7.345313e-01 1.000000e-24 1.000000e-24 1.000000e-24 1.000000e-24 1.000000e-24 1.000000e-24 1.000000e+00 5.848693e+01 2.666980e+01
2.453974e-09 7.500249e+00 4.556840e-01 9.306805e+02 1.354706e+00 0.000000e+00 7.184171e-01 1.000000e-24 1.000000e-24 1.000000e-24 1.000000e-24 1.000000e-24 1.000000e-24 1.000000e+00 5.858834e+01 2.669208e+01
2.776836e-09 7.540249e+00 4.552749e-01 9.306910e+02 1.390649e+00 0.000000e+00 7.028559e-01 1.000000e-24 1.000000e-24 1.000000e-24 1.000000e-24 1.000000e-24 1.000000e-24 1.000000e+00 5.869049e+01 2.671453e+01
3.142307e-09 7.580249e+00 4.548632e-01 9.307019e+02 1.427853e+00 0.000000e+00 6.878246e-01 1.000000e-24 1.000000e-24 1.000000e-24 1.000000e-24 1.000000e-24 1.000000e-24 1.000000e+00 5.879326e+01 2.673709e+01
3.555972e-09 7.620249e+00 4.544492e-01 9.307132e+02 1.466354e+00 0.000000e+00 6.733002e-01 1.000000e-24 1.000000e-24 1.000000e-24 1.000000e-24 1.000000e-24 1.000000e-24 1.000000e+00 5.889653e+01 2.675975e+01
4.024136e-09 7.660249e+00 4.540332e-01 9.307250e+02 1.506188e+00 0.000000e+00 6.592614e-01 1.000000e-24 1.000000e-24 1.000000e-24 1.000000e-24 1.000000e-24 1.000000e-24 1.000000e+00 5.900020e+01 2.678246e+01
4.553928e-09 7.700249e+00 4.536156e-01 9.307372e+02 1.547396e+00 0.000000e+00 6.456873e-01 1.000000e-24 1.000000e-24 1.000000e-24 1.000000e-24 1.000000e-24 1.000000e-24 1.000000e+00 5.910413e+01 2.680520e+01
5.153402e-09 7.740249e+00 4.531966e-01 9.307498e+02 1.590015e+00 0.000000e+00 6.325582e-01 1.000000e-24 1.000000e-24 1.000000e-24 1.000000e-24 1.000000e-24 1.000000e-24 1.000000e+00 5.920827e+01 2.682794e+01
5.831657e-09 7.780249e+00 4.527765e-01 9.307630e+02 1.634089e+00 0.000000e+00 6.198554e-01 1.000000e-24 1.000000e-24 1.000000e-24 1.000000e-24 1.000000e-24 1.000000e-24 1.000000e+00 5.931248e+01 2.685064e+01
6.598975e-09 7.820249e+00 4.523556e-01 9.307766e+02 1.679658e+00 0.000000e+00 6.075607e-01 1.000000e-24 1.000000e-24 1.000000e-24 1.000000e-24 1.000000e-24 1.000000e-24 1.000000e+00 5.941672e+01 2.687331e+01
7.466974e-09 7.860249e+00 4.519340e-01 9.307908e+02 1.726766e+00 0.000000e+00 5.956571e-01 1.000000e-24 1.000000e-24 1.000000e-24 1.000000e-24 1.000000e-24 1.000000e-24 1.000000e+00 5.952091e+01 2.689591e+01
8.448777e-09 7.900249e+00 4.515120e-01 9.308054e+02 1.775458e+00 0.000000e+00 5.841283e-01 1.000000e-24 1.000000e-24 1.000000e-24 1.000000e-24 1.000000e-24 1.000000e-24 1.000000e+00 5.962501e+01 2.691844e+01
9.559207e-09 7.940249e+00 4.510897e-01 9.308206e+02 1.825781e+00 0.000000e+00 5.729587e-01 1.000000e-24 1.000000e-24 1.000000e-24 1.000000e-24 1.000000e-24 1.000000e-24 1.000000e+00 5.972901e+01 2.694090e+01
1.081502e-08 7.980249e+00 4.506670e-01 9.308363e+02 1.877781e+00 0.000000e+00 5.621334e-01 1.000000e-24 1.000000e-24 1.000000e-24 1.000000e-24 1.000000e-24 1.000000e-24 1.000000e+00 5.983292e+01 2.696328e+01
1.223511e-08 8.020249e+00 4.502442e-01 9.308526e+02 1.931508e+00 0.000000e+00 5.516381e-01 1.000000e-24 1.000000e-24 1.000000e-24 1.000000e-24 1.000000e-24 1.000000e-24 1.000000e+00 5.993674e+01 2.698562e+01
1.384159e-08 8.060249e+00 4.498371e-01 9.308697e+02 1.987015e+00 0.000000e+00 5.414690e-01 1.000000e-24 1.000000e-24 1.000000e-24 1.000000e-24 1.000000e-24 1.000000e-24 1.000000e+00 6.004183e+01 2.700862e+01
1.565827e-08 8.100249e+00 4.494332e-01 9.308877e+02 2.044329e+00 0.000000e+00 5.315865e-01 1.000000e-24 1.000000e-24 1.000000e-24 1.000000e-24 1.000000e-24 1.000000e-24 1.000000e+00 6.015356e+01 2.703362e+01
1.771079e-08 8.140249e+00 4.490013e-01 9.309063e+02 2.103482e+00 0.000000e+00 5.219503e-01 1.000000e-24 1.000000e-24 1.000000e-24 1.000000e-24 1.000000e-24 1.000000e-24 1.000000e+00 6.027289e+01 2.706025e+01
2.002920e-08 8.180249e+00 4.485387e-01 9.309256e+02 2.164522e+00 0.000000e+00 5.125459e-01 1.000000e-24 1.000000e-24 1.000000e-24 1.000000e-24 1.000000e-24 1.000000e-24 1.000000e+00 6.040054e+01 2.708871e+01
2.264733e-08 8.220249e+00 4.480425e-01 9.309455e+02 2.227498e+00 0.000000e+00 5.033588e-01 1.000000e-24 1.000000e-24 1.000000e-24 1.000000e-24 1.000000e-24 1.000000e-24 1.000000e+00 6.053736e+01 2.711919e+01
2.560319e-08 8.260249e+00 4.475097e-01 9.309660e+02 2.292458e+00 0.000000e+00 4.943750e-01 1.000000e-24 1.000000e-24 1.000000e-24 1.000000e-24 1.000000e-24 1.000000e-24 1.000000e+00 6.068422e+01 2.715189e+01
2.893944e-08 8.300249e+00 4.469370e-01 9.309872e+02 2.359453e+00 0.000000e+00 4.855807e-01 1.000000e-24 1.000000e-24 1.000000e-24 1.000000e-24 1.000000e-24 1.000000e-24 1.000000e+00 6.084205e+01 2.718701e+01
3.270396e-08 8.340249e+00 4.463207e-01 9.310091e+02 2.428531e+00 0.000000e+00 4.769624e-01 1.000000e-24 1.000000e-24 1.000000e-24 1.000000e-24 1.000000e-24 1.000000e-24 1.000000e+00 6.101182e+01 2.722477e+01
3.695047e-08 8.380249e+00 4.456570e-01 9.310315e+02 2.499744e+00 0.000000e+00 4.685068e-01 1.000000e-24 1.000000e-24 1.000000e-24 1.000000e-24 1.000000e-24 1.000000e-24 1.000000e+00 6.119455e+01 2.726537e+01
4.173913e-08 8.420249e+00 4.449418e-01 9.310548e+02 2.573143e+00 0.000000e+00 4.602009e-01 1.000000e-24 1.000000e-24 1.000000e-24 1.000000e-24 1.000000e-24 1.000000e-24 1.000000e+00 6.139122e+01 2.730900e+01
4.713736e-08 8.460249e+00 4.441708e-01 9.310787e+02 2.648780e+00 0.000000e+00 4.520322e-01 1.000000e-24 1.000000e-24 1.000000e-24 1.000000e-24 1.000000e-24 1.000000e-24 1.000000e+00 6.160284e+01 2.735586e+01
5.322057e-08 8.500249e+00 4.433395e-01 9.311033e+02 2.726708e+00 0.000000e+00 4.439883e-01 1.000000e-24 1.000000e-24 1.000000e-24 1.000000e-24 1.000000e-24 1.000000e-24 1.000000e+00 6.183041e+01 2.740608e+01
6.007313e-08 8.540249e+00 4.424432e-01 9.311285e+02 2.806979e+00 0.000000e+00 4.360575e-01 1.000000e-24 1.000000e-24 1.000000e-24 1.000000e-24 1.000000e-24 1.000000e-24 1.000000e+00 6.207485e+01 2.745981e+01
6.778927e-08 8.580249e+00 4.414770e-01 9.311544e+02 2.889647e+00 0.000000e+00 4.282287e-01 1.000000e-24 1.000000e-24 1.000000e-24 1.000000e-24 1.000000e-24 1.000000e-24 1.000000e+00 6.233700e+01 2.751710e+01
7.647425e-08 8.620249e+00 4.404363e-01 9.311811e+02 2.974766e+00 0.000000e+00 4.204912e-01 1.000000e-24 1.000000e-24 1.000000e-24 1.000000e-24 1.000000e-24 1.000000e-24 1.000000e+00 6.261761e+01 2.757799e+01
8.632290e-08 8.660249e+00 4.395962e-01 9.312091e+02 3.062924e+00 0.000000e+00 4.133295e-01 1.000000e-24 1.000000e-24 1.000000e-24 1.000000e-24 1.000000e-24 1.000000e-24 1.000000e+00 6.283757e+01 2.762223e+01
9.748406e-08 8.700249e+00 4.389130e-01 9.312383e+02 3.154156e+00 0.000000e+00 4.066346e-01 1.000000e-24 1.000000e-24 1.000000e-24 1.000000e-24 1.000000e-24 1.000000e-24 1.000000e+00 6.301084e+01 2.765399e+01
1.100776e-07 8.740249e+00 4.382144e-01 9.312684e+02 3.248224e+00 0.000000e+00 4.000903e-01 1.000000e-24 1.000000e-24 1.000000e-24 1.000000e-24 1.000000e-24 1.000000e-24 1.000000e+00 6.318691e+01 2.768596e+01
1.242861e-07 8.780249e+00 4.375000e-01 9.312993e+02 3.345211e+00 0.000000e+00 3.936917e-01 1.000000e-24 1.000000e-24 1.000000e-24 1.000000e-24 1.000000e-24 1.000000e-24 1.000000e+00 6.336584e+01 2.771816e+01
1.403149e-07 8.820249e+00 4.367694e-01 9.313310e+02 3.445202e+00 0.000000e+00 3.874341e-01 1.000000e-24 1.000000e-24 1.000000e-24 1.000000e-24 1.000000e-24 1.000000e-24 1.000000e+00 6.354776e+01 2.775061e+01
1.583956e-07 8.860249e+00 4.360222e-01 9.313637e+02 3.548283e+00 0.000000e+00 3.813131e-01 1.000000e-24 1.000000e-24 1.000000e-24 1.000000e-24 1.000000e-24 1.000000e-24 1.000000e+00 6.373286e+01 2.778338e+01
1.787889e-07 8.900249e+00 4.352579e-01 9.313973e+02 3.654544e+00 0.000000e+00 3.753250e-01 1.000000e-24 1.000000e-24 1.000000e-24 1.000000e-24 1.000000e-24 1.000000e-24 1.000000e+00 6.392148e+01 2.781656e+01
2.017881e-07 8.940249e+00 4.344760e-01 9.314318e+02 3.764076e+00 0.000000e+00 3.694662e-01 1.000000e-24 1.000000e-24 1.000000e-24 1.000000e-24 1.000000e-24 1.000000e-24 1.000000e+00 6.411415e+01 2.785035e+01
2.277234e-07 8.980249e+00 4.336759e-01 9.314672e+02 3.876975e+00 0.000000e+00 3.637336e-01 1.000000e-24 1.000000e-24 1.000000e-24 1.000000e-24 1.000000e-24 1.000000e-24 1.000000e+00 6.431168e+01 2.788508e+01
2.569665e-07 9.020249e+00 4.328568e-01 9.315037e+02 3.993334e+00 0.000000e+00 3.581241e-01 1.000000e-24 1.000000e-24 1.000000e-24 1.000000e-24 1.000000e-24 1.000000e-24 1.000000e+00 6.451532e+01 2.792120e+01
2.899347e-07 9.060249e+00 4.320180e-01 9.315411e+02 4.113256e+00 0.000000e+00 3.526351e-01 1.000000e-24 1.000000e-24 1.000000e-24 1.000000e-24 1.000000e-24 1.000000e-24 1.000000e+00 6.472694e+01 2.795950e+01
3.270978e-07 9.100249e+00 4.311582e-01 9.315795e+02 4.236840e+00 0.000000e+00 3.472634e-01 1.000000e-24 1.000000e-24 1.000000e-24 1.000000e-24 1.000000e-24 1.000000e-24 1.000000e+00 6.494937e+01 2.800108e+01
3.689827e-07 9.140249e+00 4.302761e-01 9.316190e+02 4.364190e+00 0.000000e+00 3.420052e-01 1.000000e-24 1.000000e-24 1.000000e-24 1.000000e-24 1.000000e-24 1.000000e-24 1.000000e+00 6.518671e+01 2.804766e+01
4.155547e-07 9.180249e+00 4.290292e-01 9.316599e+02 4.493623e+00 0.000000e+00 3.343327e-01 1.000000e-24 1.000000e-24 1.000000e-24 1.000000e-24 1.000000e-24 1.000000e-24 1.000000e+00 6.643331e+01 2.849158e+01
4.674620e-07 9.220249e+00 4.275287e-01 9.317017e+02 4.625948e+00 0.000000e+00 3.248601e-01 1.000000e-24 1.000000e-24 1.000000e-24 1.000000e-24 1.000000e-24 1.000000e-24 1.000000e+00 6.841186e+01 2.922505e+01
5.255013e-07 9.260249e+00 4.258819e-01 9.317443e+02 4.761982e+00 0.000000e+00 3.144383e-01 1.000000e-24 1.000000e-24 1.000000e-24 1.000000e-24 1.000000e-24 1.000000e-24 1.000000e+00 7.076417e+01 3.010588e+01
5.902401e-07 9.300249e+00 4.240365e-01 9.317877e+02 4.901750e+00 0.000000e+00 3.029170e-01 1.000000e-24 1.000000e-24 1.000000e-24 1.000000e-24 1.000000e-24 1.000000e-24 1.000000e+00 7.352992e+01 3.114717e+01
6.621854e-07 9.340249e+00 4.219082e-01 9.318315e+02 5.045190e+00 0.000000e+00 2.901181e-01 1.000000e-24 1.000000e-24 1.000000e-24 1.000000e-24 1.000000e-24 1.000000e-24 1.000000e+00 7.676293e+01 3.236580e+01
7.412549e-07 9.380249e+00 4.190784e-01 9.318765e+02 5.190285e+00 0.000000e+00 2.774317e-01 1.000000e-24 1.000000e-24 1.000000e-24 1.000000e-24 1.000000e-24 1.000000e-24 1.000000e+00 8.008187e+01 3.355692e+01
8.286023e-07 9.420249e+00 4.155093e-01 9.319242e+02 5.335101e+00 0.000000e+00 2.702878e-01 1.000000e-24 1.000000e-24 1.000000e-24 1.000000e-24 1.000000e-24 1.000000e-24 1.000000e+00 8.181768e+01 3.398528e+01
9.281425e-07 9.460249e+00 4.125941e-01 9.319725e+02 5.487282e+00 0.000000e+00 2.640348e-01 1.000000e-24 1.000000e-24 1.000000e-24 1.000000e-24 1.000000e-24 1.000000e-24 1.000000e+00 8.320944e+01 3.432337e+01
1.041406e-06 9.500249e+00 4.102147e-01 9.320215e+02 5.646497e+00 0.000000e+00 2.583810e-01 1.000000e-24 1.000000e-24 1.000000e-24 1.000000e-24 1.000000e-24 1.000000e-24 1.000000e+00 8.434555e+01 3.459887e+01
1.174793e-06 9.540249e+00 4.094113e-01 9.320728e+02 5.817439e+00 0.000000e+00 2.547404e-01 1.000000e-24 1.000000e-24 1.000000e-24 1.000000e-24 1.000000e-24 1.000000e-24 1.000000e+00 8.443748e+01 3.457041e+01
1.325859e-06 9.580249e+00 4.087393e-01 9.321256e+02 5.994220e+00 0.000000e+00 2.514435e-01 1.000000e-24 1.000000e-24 1.000000e-24 1.000000e-24 1.000000e-24 1.000000e-24 1.000000e+00 8.439933e+01 3.449888e+01
1.496237e-06 9.620249e+00 4.080479e-01 9.321799e+02 6.176346e+00 0.000000e+00 2.482823e-01 1.000000e-24 1.000000e-24 1.000000e-24 1.000000e-24 1.000000e-24 1.000000e-24 1.000000e+00 8.433937e+01 3.441678e+01
1.688378e-06 9.660249e+00 4.073360e-01 9.322358e+02 6.363965e+00 0.000000e+00 2.452378e-01 1.000000e-24 1.000000e-24 1.000000e-24 1.000000e-24 1.000000e-24 1.000000e-24 1.000000e+00 8.426284e+01 3.432617e+01
1.905034e-06 9.700249e+00 4.066028e-01 9.322931e+02 6.557231e+00 0.000000e+00 2.422940e-01 1.000000e-24 1.000000e-24 1.000000e-24 1.000000e-24 1.000000e-24 1.000000e-24 1.000000e+00 8.417378e+01 3.422864e+01
2.149306e-06 9.740249e+00 4.058476e-01 9.323519e+02 6.756300e+00 0.000000e+00 2.394377e-01 1.000000e-24 1.000000e-24 1.000000e-24 1.000000e-24 1.000000e-24 1.000000e-24 1.000000e+00 8.407516e+01 3.412534e+01
2.424683e-06 9.780249e+00 4.050694e-01 9.324123e+02 6.961334e+00 0.000000e+00 2.366582e-01 1.000000e-24 1.000000e-24 1.000000e-24 1.000000e-24 1.000000e-24 1.000000e-24 1.000000e+00 8.396916e+01 3.401709e+01
2.735089e-06 9.820249e+00 4.042676e-01 9.324743e+02 7.172498e+00 0.000000e+00 2.339470e-01 1.000000e-24 1.000000e-24 1.000000e-24 1.000000e-24 1.000000e-24 1.000000e-24 1.000000e+00 8.385728e+01 3.390445e+01
3.084941e-06 9.860249e+00 4.034413e-01 9.325379e+02 7.389962e+00 0.000000e+00 2.312973e-01 1.000000e-24 1.000000e-24 1.000000e-24 1.000000e-24 1.000000e-24 1.000000e-24 1.000000e+00 8.374053e+01 3.378777e+01
3.479204e-06 9.900249e+00 4.025898e-01 9.326032e+02 7.613898e+00 0.000000e+00 2.287036e-01 1.000000e-24 1.000000e-24 1.000000e-24 1.000000e-24 1.000000e-24 1.000000e-24 1.000000e+00 8.361956e+01 3.366726e+01
3.923460e-06 9.940249e+00 4.017123e-01 9.326702e+02 7.844484e+00 0.000000e+00 2.261618e-01 1.000000e-24 1.000000e-24 1.000000e-24 1.000000e-24 1.000000e-24 1.000000e-24 1.000000e+00 8.349476e+01 3.354299e+01
4.423988e-06 9.980249e+00 4.008081e-01 9.327389e+02 8.081903e+00 0.000000e+00 2.236686e-01 1.000000e-24 1.000000e-24 1.000000e-24 1.000000e-24 1.000000e-24 1.000000e-24 1.000000e+00 8.336632e+01 3.341501e+01
4.987941e-06 1.002025e+01 3.998822e-01 9.328095e+02 8.326405e+00 0.000000e+00 2.211147e-01 5.723448e-24 1.000000e-24 1.000000e-24 1.000000e-24 1.000000e-24 1.000000e-24 1.000000e+00 8.323751e+01 3.328534e+01
5.623940e-06 1.006025e+01 3.989672e-01 9.328831e+02 8.578597e+00 0.000000e+00 2.178988e-01 4.020786e-23 1.000000e-24 1.000000e-24 1.000000e-24 1.000000e-24 1.000000e-24 1.000000e+00 8.312557e+01 3.316557e+01
6.340363e-06 1.010025e+01 3.980243e-01 9.329586e+02 8.838246e+00 0.000000e+00 2.147274e-01 7.210156e-23 1.000000e-24 1.000000e-24 1.000000e-24 1.000000e-24 1.000000e-24 1.000000e+00 8.300858e+01 3.304149e+01
7.147275e-06 1.014025e+01 3.970527e-01 9.330360e+02 9.105555e+00 0.000000e+00 2.115984e-01 1.016673e-22 1.000000e-24 1.000000e-24 1.000000e-24 1.000000e-24 1.000000e-24 1.000000e+00 8.288649e+01 3.291302e+01
8.055979e-06 1.018025e+01 3.960516e-01 9.331152e+02 9.380727e+00 0.000000e+00 2.085099e-01 1.291462e-22 1.000000e-24 1.000000e-24 1.000000e-24 1.000000e-24 1.000000e-24 1.000000e+00 8.275922e+01 3.278005e+01
9.079172e-06 1.022025e+01 3.950200e-01 9.331965e+02 9.663974e+00 0.000000e+00 2.054598e-01 1.547634e-22 1.000000e-24 1.000000e-24 1.000000e-24 1.000000e-24 1.000000e-24 1.000000e+00 8.262673e+01 3.264250e+01
1.023111e-05 1.026025e+01 3.939572e-01 9.332797e+02 9.955507e+00 0.000000e+00 2.024460e-01 1.787263e-22 1.000000e-24 1.000000e-24 1.000000e-24 1.000000e-24 1.000000e-24 1.000000e+00 8.248895e+01 3.250027e+01
1.152779e-05 1.030025e+01 3.928623e-01 9.333649e+02 1.025555e+01 0.000000e+00 1.994662e-01 2.012279e-22 1.000000e-24 1.000000e-24 1.000000e-24 1.000000e-24 1.000000e-24 1.000000e+00 8.234581e+01 3.235327e+01
1.298718e-05 1.034025e+01 3.917343e-01 9.334521e+02 1.056431e+01 0.000000e+00 1.965185e-01 2.224493e-22 1.000000e-24 1.000000e-24 1.000000e-24 1.000000e-24 1.000000e-24 1.000000e+00 8.219727e+01 3.220139e+01
1.462943e-05 1.038025e+01 3.905722e-01 9.335414e+02 1.088203e+01 0.000000e+00 1.936004e-01 2.425634e-22 1.000000e-24 1.000000e-24 1.000000e-24 1.000000e-24 1.000000e-24 1.000000e+00 8.204323e+01 3.204453e+01
1.632789e-05 1.042025e+01 3.866119e-01 9.336352e+02 1.118285e+01 0.000000e+00 1.938943e-01 5.425469e-22 1.000000e-24 1.000000e-24 1.000000e-24 1.000000e-24 1.000000e-24 1.000000e+00 8.151881e+01 3.151910e+01
1.805888e-05 1.046025e+01 3.800079e-01 9.337308e+02 1.146453e+01 0.000000e+00 1.972313e-01 1.073720e-21 1.000000e-24 1.000000e-24 1.000000e-24 1.000000e-24 1.000000e-24 1.000000e+00 8.064517e+01 3.064581e+01
2.027036e-05 1.050025e+01 3.778326e-01 9.338288e+02 1.179899e+01 0.000000e+00 1.954425e-01 4.596599e-20 1.000000e-24 1.000000e-24 1.000000e-24 1.000000e-24 1.000000e-24 1.000000e+00 8.036560e+01 3.036693e+01
2.274694e-05 1.054025e+01 3.756007e-01 9.339283e+02 1.214234e+01 0.000000e+00 1.936824e-01 8.820496e-20 1.000000e-24 1.000000e-24 1.000000e-24 1.000000e-24 1.000000e-24 1.000000e+00 8.007900e+01 3.008089e+01
2.551895e-05 1.058025e+01 3.733052e-01 9.340294e+02 1.249469e+01 0.000000e+00 1.919563e-01 1.280400e-19 1.000000e-24 1.000000e-24 1.000000e-24 1.000000e-24 1.000000e-24 1.000000e+00 7.978444e+01 2.978679e+01
2.862042e-05 1.062025e+01 3.709450e-01 9.341320e+02 1.285618e+01 0.000000e+00 1.902633e-01 1.657537e-19 1.000000e-24 1.000000e-24 1.000000e-24 1.000000e-24 1.000000e-24 1.000000e+00 7.948175e+01 2.948445e+01
3.159261e-05 1.066025e+01 3.640576e-01 9.342369e+02 1.317424e+01 0.000000e+00 1.862758e-01 3.498323e-19 1.000000e-24 1.000000e-24 1.000000e-24 1.000000e-24 1.000000e-24 1.000000e+00 7.862545e+01 2.862718e+01
3.515692e-05 1.070025e+01 3.596211e-01 9.343438e+02 1.352804e+01 0.000000e+00 1.826599e-01 1.368349e-11 1.000000e-24 1.000000e-24 1.000000e-24 1.000000e-24 1.000000e-24 1.000000e+00 7.846664e+01 2.821496e+01
3.964114e-05 1.074025e+01 3.589427e-01 9.344555e+02 1.393934e+01 0.000000e+00 1.801538e-01 2.672850e-11 1.000000e-24 1.000000e-24 1.000000e-24 1.000000e-24 1.000000e-24 1.000000e+00 7.925986e+01 2.843959e+01
4.468591e-05 1.078025e+01 3.582230e-01 9.345700e+02 1.436250e+01 0.000000e+00 1.773339e-01 3.133528e-11 1.000000e-24 1.000000e-24 1.000000e-24 1.000000e-24 1.000000e-24 1.000000e+00 8.028846e+01 2.874337e+01
5.036030e-05 1.082025e+01 3.574582e-01 9.346874e+02 1.479799e+01 0.000000e+00 1.742172e-01 3.111912e-11 1.000000e-24 1.000000e-24 1.000000e-24 1.000000e-24 1.000000e-24 1.000000e+00 8.149695e+01 2.910660e+01
5.674156e-05 1.086025e+01 3.566444e-01 9.348078e+02 1.524624e+01 0.000000e+00 1.708825e-01 2.836189e-11 1.000000e-24 1.000000e-24 1.000000e-24 1.000000e-24 1.000000e-24 1.000000e+00 8.283042e+01 2.950974e+01
6.391559e-05 1.090025e+01 3.557769e-01 9.349312e+02 1.570766e+01 0.000000e+00 1.674198e-01 2.447677e-11 1.000000e-24 1.000000e-24 1.000000e-24 1.000000e-24 1.000000e-24 1.000000e+00 8.425345e+01 2.994002e+01
7.197763e-05 1.094025e+01 3.548505e-01 9.350575e+02 1.618263e+01 0.000000e+00 1.638978e-01 2.031284e-11 1.000000e-24 1.000000e-24 1.000000e-24 1.000000e-24 1.000000e-24 1.000000e+00 8.575281e+01 3.039242e+01
8.103300e-05 1.098025e+01 3.538596e-01 9.351868e+02 1.667150e+01 0.000000e+00 1.603585e-01 1.635111e-11 1.000000e-24 1.000000e-24 1.000000e-24 1.000000e-24 1.000000e-24 1.000000e+00 8.733271e+01 3.086797e+01
9.119767e-05 1.102025e+01 3.527976e-01 9.353189e+02 1.717462e+01 0.000000e+00 1.568280e-01 1.283554e-11 1.000000e-24 1.000000e-24 1.000000e-24 1.000000e-24 1.000000e-24 1.000000e+00 8.901684e+01 3.137446e+01
1.025969e-04 1.106025e+01 3.516576e-01 9.354540e+02 1.769235e+01 0.000000e+00 1.533370e-01 9.861609e-12 1.000000e-24 1.000000e-24 1.000000e-24 1.000000e-24 1.000000e-24 1.000000e+00 9.089262e+01 3.194192e+01
1.153525e-04 1.110025e+01 3.504331e-01 9.355918e+02 1.822510e+01 0.000000e+00 1.498426e-01 7.437738e-12 1.000000e-24 1.000000e-24 1.000000e-24 1.000000e-24 1.000000e-24 1.000000e+00 9.337939e+01 3.271662e+01
1.243404e-04 1.114025e+01 3.399243e-01 9.357284e+02 1.860448e+01 0.000000e+00 1.213814e-01 4.664971e-11 1.000000e-24 1.000000e-24 1.000000e-24 1.000000e-24 1.000000e-24 1.000000e+00 1.203285e+02 4.090244e+01
1.389692e-04 1.118025e+01 3.369907e-01 9.358709e+02 1.912871e+01 0.000000e+00 1.192533e-01 1.431883e-09 1.000000e-24 1.000000e-24 1.000000e-24 1.000000e-24 1.000000e-24 1.000000e+00 1.221920e+02 4.117699e+01
1.555025e-04 1.122025e+01 3.343254e-01 9.360145e+02 1.967320e+01 0.000000e+00 1.174635e-01 2.663605e-09 1.000000e-24 1.000000e-24 1.000000e-24 1.000000e-24 1.000000e-24 1.000000e+00 1.229789e+02 4.111834e+01
1.740625e-04 1.126025e+01 3.317068e-01 9.361595e+02 2.023295e+01 0.000000e+00 1.164771e-01 3.856716e-09 1.000000e-24 1.000000e-24 1.000000e-24 1.000000e-24 1.000000e-24 1.000000e+00 1.226935e+02 4.070080e+01
1.948127e-04 1.130025e+01 3.290639e-01 9.363081e+02 2.080766e+01 0.000000e+00 1.157120e-01 3.228636e-07 1.000000e-24 1.000000e-24 1.000000e-24 1.000000e-24 1.000000e-24 9.999997e-01 1.222196e+02 4.021959e+01
2.180099e-04 1.134025e+01 3.264051e-01 9.364618e+02 2.139857e+01 0.000000e+00 1.149783e-01 1.213125e-06 1.000000e-24 1.000000e-24 1.000000e-24 1.000000e-24 1.000000e-24 9.999988e-01 1.217411e+02 3.974112e+01
2.438750e-04 1.138025e+01 3.236759e-01 9.366170e+02 2.200372e+01 0.000000e+00 1.142706e-01 2.112234e-06 1.000000e-24 1.000000e-24 1.000000e-24 1.000000e-24 1.000000e-24 9.999979e-01 1.212500e+02 3.924996e+01
2.726991e-04 1.142025e+01 3.208752e-01 9.367736e+02 2.262325e+01 0.000000e+00 1.135883e-01 3.027017e-06 1.000000e-24 1.000000e-24 1.000000e-24 1.000000e-24 1.000000e-24 9.999970e-01 1.207459e+02 3.874593e+01
3.050747e-04 1.146025e+01 3.182093e-01 9.369358e+02 2.326345e+01 0.000000e+00 1.169596e-01 7.681054e-04 1.000000e-24 1.000000e-24 1.000000e-24 1.000000e-24 1.000000e-24 9.992319e-01 1.203165e+02 3.831655e+01
3.412943e-04 1.150025e+01 3.155661e-01 9.371018e+02 2.392201e+01 0.000000e+00 1.220241e-01 1.878651e-03 1.000000e-24 1.000000e-24 1.000000e-24 1.000000e-24 1.000000e-24 9.981214e-01 1.199143e+02 3.791427e+01
3.816595e-04 1.154025e+01 3.128529e-01 9.372692e+02 2.459655e+01 0.000000e+00 1.269981e-01 3.003264e-03 1.000000e-24 1.000000e-24 1.000000e-24 1.000000e-24 1.000000e-24 9.969968e-01 1.195005e+02 3.750050e+01
4.266185e-04 1.158025e+01 3.100683e-01 9.374379e+02 2.528725e+01 0.000000e+00 1.319085e-01 4.149416e-03 1.000000e-24 1.000000e-24 1.000000e-24 1.000000e-24 1.000000e-24 9.958506e-01 1.190754e+02 3.707542e+01
4.634490e-04 1.162025e+01 3.005121e-01 9.376115e+02 2.580470e+01 0.000000e+00 1.642774e-01 1.607334e-02 1.000000e-24 1.000000e-24 1.000000e-24 1.000000e-24 1.000000e-24 9.839267e-01 1.180570e+02 3.605698e+01
5.001076e-04 1.166025e+01 2.896783e-01 9.377870e+02 2.628538e+01 0.000000e+00 2.322412e-01 5.049900e-02 1.000000e-24 1.000000e-24 1.000000e-24 1.000000e-24 1.000000e-24 9.495010e-01 1.180000e+02 3.600001e+01
5.292659e-04 1.170025e+01 2.748242e-01 9.379577e+02 2.663330e+01 0.000000e+00 2.876962e-01 9.918743e-02 1.000000e-24 1.000000e-24 1.000000e-24 1.000000e-24 1.000000e-24 9.008126e-01 1.180000e+02 3.600000e+01
5.555367e-04 1.174025e+01 2.588399e-01 9.381189e+02 2.692044e+01 0.000000e+00 3.229030e-01 1.515804e-01 1.000000e-24 1.000000e-24 1.000000e-24 1.000000e-24 1.000000e-24 8.484196e-01 1.180000e+02 3.600000e+01
5.810146e-04 1.178025e+01 2.427767e-01 9.382719e+02 2.717310e+01 0.000000e+00 3.411521e-01 2.042294e-01 1.000000e-24 1.000000e-24 1.000000e-24 1.000000e-24 1.000000e-24 7.957706e-01 1.179999e+02 3.599982e+01
6.072023e-04 1.182025e+01 2.272636e-01 9.384166e+02 2.741019e+01 0.000000e+00 3.484002e-01 2.550270e-01 1.000000e-24 1.000000e-24 1.000000e-24 1.000000e-24 1.000000e-24 7.449730e-01 1.179962e+02 3.599622e+01
6.347296e-04 1.186025e+01 2.124611e-01 9.385538e+02 2.763713e+01 0.000000e+00 3.486452e-01 3.028119e-01 1.000000e-24 1.000000e-24 1.000000e-24 1.000000e-24 1.000000e-24 6.971881e-01 1.179410e+02 3.594102e+01
6.626192e-04 1.190025e+01 1.981755e-01 9.386841e+02 2.784464e+01 0.000000e+00 3.449622e-01 3.431626e-01 1.000000e-24 1.000000e-24 1.000000e-24 1.000000e-24 1.000000e-24 6.568374e-01 1.174270e+02 3.542706e+01
6.909752e-04 1.194025e+01 1.844850e-01 9.388077e+02 2.803537e+01 0.000000e+00 3.345139e-01 3.755748e-01 1.000000e-24 1.000000e-24 1.000000e-24 1.000000e-24 1.000000e-24 6.244252e-01 1.163816e+02 3.438161e+01
7.255477e-04 1.198025e+01 1.722663e-01 9.389248e+02 2.825722e+01 0.000000e+00 3.222153e-01 4.126294e-01 1.000000e-24 1.000000e-24 1.000000e-24 1.000000e-24 1.000000e-24 5.873706e-01 1.160290e+02 3.402900e+01
7.655497e-04 1.202025e+01 1.610965e-01 9.390373e+02 2.849434e+01 0.000000e+00 3.107224e-01 4.503913e-01 1.000000e-24 1.000000e-24 1.000000e-24 1.000000e-24 1.000000e-24 5.496087e-01 1.160012e+02 3.400126e+01
8.101469e-04 1.206025e+01 1.506829e-01 9.391458e+02 2.873538e+01 0.000000e+00 2.986922e-01 4.859059e-01 1.000000e-24 1.000000e-24 1.000000e-24 1.000000e-24 1.000000e-24 5.140941e-01 1.160000e+02 3.400005e+01
8.598737e-04 1.210025e+01 1.409662e-01 9.392508e+02 2.898006e+01 0.000000e+00 2.862055e-01 5.190566e-01 1.000000e-24 1.000000e-24 1.000000e-24 1.000000e-24 1.000000e-24 4.809434e-01 1.160000e+02 3.400000e+01
9.154363e-04 1.214025e+01 1.319051e-01 9.393526e+02 2.922898e+01 0.000000e+00 2.735297e-01 5.499709e-01 1.000000e-24 1.000000e-24 1.000000e-24 1.000000e-24 1.000000e-24 4.500291e-01 1.160000e+02 3.400000e+01
9.775877e-04 1.218025e+01 1.234597e-01 9.394517e+02 2.948269e+01 0.000000e+00 2.608693e-01 5.787846e-01 1.000000e-24 1.000000e-24 1.000000e-24 1.000000e-24 1.000000e-24 4.212154e-01 1.160000e+02 3.399999e+01
1.047107e-03 1.222025e+01 1.155907e-01 9.395482e+02 2.974165e+01 0.000000e+00 2.483718e-01 6.056316e-01 1.000000e-24 1.000000e-24 1.000000e-24 1.000000e-24 1.000000e-24 3.943684e-01 1.160000e+02 3.399997e+01
1.124780e-03 1.226025e+01 1.082608e-01 9.396420e+02 3.000637e+01 0.000000e+00 2.361449e-01 6.306384e-01 1.000000e-24 1.000000e-24 1.000000e-24 1.000000e-24 1.000000e-24 3.693616e-01 1.159999e+02 3.399983e+01
1.211900e-03 1.230025e+01 1.014258e-01 9.397343e+02 3.027643e+01 0.000000e+00 2.242531e-01 6.539524e-01 1.000000e-24 1.000000e-24 1.000000e-24 1.000000e-24 1.000000e-24 3.460476e-01 1.159991e+02 3.399906e+01
1.309802e-03 1.234025e+01 9.504733e-02 9.398261e+02 3.055158e+01 0.000000e+00 2.127974e-01 6.756811e-01 1.000000e-24 1.000000e-24 1.000000e-24 1.000000e-24 1.000000e-24 3.243189e-01 1.159940e+02 3.399395e+01
1.418585e-03 1.238025e+01 8.910210e-02 9.399151e+02 3.083290e+01 0.000000e+00 2.020216e-01 6.957917e-01 1.000000e-24 1.000000e-24 1.000000e-24 1.000000e-24 1.000000e-24 3.042083e-01 1.159659e+02 3.396588e+01
1.540318e-03 1.242025e+01 8.352758e-02 9.400049e+02 3.111602e+01 0.000000e+00 1.923615e-01 7.139240e-01 1.000000e-24 1.000000e-24 1.000000e-24 1.000000e-24 1.000000e-24 2.860760e-01 1.158117e+02 3.381171e+01
1.673837e-03 1.246025e+01 7.829294e-02 9.400926e+02 3.140116e+01 0.000000e+00 1.832304e-01 7.296369e-01 1.000000e-24 1.000000e-24 1.000000e-24 1.000000e-24 1.000000e-24 2.703631e-01 1.154213e+02 3.342125e+01
1.824550e-03 1.250025e+01 7.343008e-02 9.401806e+02 3.169546e+01 0.000000e+00 1.730950e-01 7.446966e-01 1.000000e-24 1.000000e-24 1.000000e-24 1.000000e-24 1.000000e-24 2.553034e-01 1.151034e+02 3.310344e+01
1.994158e-03 1.254025e+01 6.893332e-02 9.402668e+02 3.200306e+01 0.000000e+00 1.632605e-01 7.598511e-01 1.000000e-24 1.000000e-24 1.000000e-24 1.000000e-24 1.000000e-24 2.401489e-01 1.150140e+02 3.301397e+01
2.185746e-03 1.258025e+01 6.473322e-02 9.403550e+02 3.231642e+01 0.000000e+00 1.541438e-01 7.744250e-01 1.000000e-24 1.000000e-24 1.000000e-24 1.000000e-24 1.000000e-24 2.255750e-01 1.150020e+02 3.300206e+01
2.397249e-03 1.262025e+01 6.081008e-02 9.404406e+02 3.263662e+01 0.000000e+00 1.455610e-01 7.880871e-01 1.000000e-24 1.000000e-24 1.000000e-24 1.000000e-24 1.000000e-24 2.119129e-01 1.150002e+02 3.300023e+01
2.634786e-03 1.266025e+01 5.711955e-02 9.405291e+02 3.295899e+01 0.000000e+00 1.373986e-01 8.009472e-01 1.000000e-24 1.000000e-24 1.000000e-24 1.000000e-24 1.000000e-24 1.990528e-01 1.150000e+02 3.300003e+01
2.897860e-03 1.270025e+01 5.365942e-02 9.406169e+02 3.328587e+01 0.000000e+00 1.296530e-01 8.130051e-01 1.000000e-24 1.000000e-24 1.000000e-24 1.000000e-24 1.000000e-24 1.869949e-01 1.150000e+02 3.300000e+01
3.187408e-03 1.274025e+01 5.041714e-02 9.407026e+02 3.361783e+01 0.000000e+00 1.223147e-01 8.243039e-01 1.000000e-24 1.000000e-24 1.000000e-24 1.000000e-24 1.000000e-24 1.756961e-01 1.150000e+02 3.300000e+01
3.512236e-03 1.278025e+01 4.735509e-02 9.407927e+02 3.394935e+01 0.000000e+00 1.153325e-01 8.349747e-01 1.000000e-24 1.000000e-24 1.000000e-24 1.000000e-24 1.000000e-24 1.650253e-01 1.150000e+02 3.300000e+01
3.870416e-03 1.282025e+01 4.447911e-02 9.408821e+02 3.428417e+01 0.000000e+00 1.087207e-01 8.449971e-01 1.000000e-24 1.000000e-24 1.000000e-24 1.000000e-24 1.000000e-24 1.550029e-01 1.150000e+02 3.300000e+01
4.263741e-03 1.286025e+01 4.177893e-02 9.409699e+02 3.462261e+01 0.000000e+00 1.024671e-01 8.544068e-01 1.000000e-24 1.000000e-24 1.000000e-24 1.000000e-24 1.000000e-24 1.455932e-01 1.150000e+02 3.300000e+01
4.698410e-03 1.290025e+01 3.923519e-02 9.410587e+02 3.496217e+01 0.000000e+00 9.654389e-02 8.632713e-01 1.000000e-24 1.000000e-24 1.000000e-24 1.000000e-24 1.000000e-24 1.367287e-01 1.150000e+02 3.300000e+01
5.183231e-03 1.294025e+01 3.683019e-02 9.411511e+02 3.529991e+01 0.000000e+00 9.092325e-02 8.716524e-01 1.000000e-24 1.000000e-24 1.000000e-24 1.000000e-24 1.000000e-24 1.283476e-01 1.150000e+02 3.300000e+01
5.715867e-03 1.298025e+01 3.457183e-02 9.412424e+02 3.564065e+01 0.000000e+00 8.561444e-02 8.795224e-01 1.000000e-24 1.000000e-24 1.000000e-24 1.000000e-24 1.000000e-24 1.204776e-01 1.150000e+02 3.300000e+01
6.301470e-03 1.302025e+01 3.245172e-02 9.413326e+02 3.598459e+01 0.000000e+00 8.060186e-02 8.869106e-01 1.000000e-24 1.000000e-24 1.000000e-24 1.000000e-24 1.000000e-24 1.130894e-01 1.150000e+02 3.300000e+01
6.946438e-03 1.306025e+01 3.046266e-02 9.414219e+02 3.633226e+01 0.000000e+00 7.587063e-02 8.938422e-01 1.000000e-24 1.000000e-24 1.000000e-24 1.000000e-24 1.000000e-24 1.061578e-01 1.150000e+02 3.300000e+01
7.672390e-03 1.310025e+01 2.858224e-02 9.415161e+02 3.667761e+01 0.000000e+00 7.138293e-02 9.003952e-01 1.000000e-24 1.000000e-24 1.000000e-24 1.000000e-24 1.000000e-24 9.960480e-02 1.150000e+02 3.300000e+01
8.484089e-03 1.314025e+01 2.681954e-02 9.416114e+02 3.702701e+01 0.000000e+00 6.714413e-02 9.065379e-01 1.000000e-24 1.000000e-24 1.000000e-24 1.000000e-24 1.000000e-24 9.346207e-02 1.150000e+02 3.300000e+01
9.392541e-03 1.318025e+01 2.517591e-02 9.417063e+02 3.738486e+01 0.000000e+00 6.314921e-02 9.122657e-01 1.000000e-24 1.000000e-24 1.000000e-24 1.000000e-24 1.000000e-24 8.773424e-02 1.150000e+02 3.300000e+01
1.041773e-02 1.322025e+01 2.364787e-02 9.418010e+02 3.775409e+01 0.000000e+00 5.938588e-02 9.175907e-01 1.000000e-24 1.000000e-24 1.000000e-24 1.000000e-24 1.000000e-24 8.240927e-02 1.150000e+02 3.300000e+01
1.158663e-02 1.326025e+01 2.223280e-02 9.418957e+02 3.813852e+01 0.000000e+00 5.584254e-02 9.225220e-01 1.000000e-24 1.000000e-24 1.000000e-24 1.000000e-24 1.000000e-24 7.747794e-02 1.150000e+02 3.300000e+01
1.293575e-02 1.330025e+01 2.092877e-02 9.419912e+02 3.854306e+01 0.000000e+00 5.250823e-02 9.270664e-01 1.000000e-24 1.000000e-24 1.000000e-24 1.000000e-24 1.000000e-24 7.293358e-02 1.150000e+02 3.300000e+01
1.452187e-02 1.334025e+01 1.972976e-02 9.420897e+02 3.897069e+01 0.000000e+00 4.936611e-02 9.312447e-01 1.000000e-24 1.000000e-24 1.000000e-24 1.000000e-24 1.000000e-24 6.875523e-02 1.150000e+02 3.300000e+01
1.643268e-02 1.338025e+01 1.862624e-02 9.421959e+02 3.942197e+01 0.000000e+00 4.639333e-02 9.350903e-01 1.000000e-24 1.000000e-24 1.000000e-24 1.000000e-24 1.000000e-24 6.490964e-02 1.150000e+02 3.300000e+01
1.873545e-02 1.342025e+01 1.763501e-02 9.423048e+02 3.991667e+01 0.000000e+00 4.360358e-02 9.385446e-01 1.000000e-24 1.000000e-24 1.000000e-24 1.000000e-24 1.000000e-24 6.145534e-02 1.150000e+02 3.300000e+01
2.154971e-02 1.346025e+01 1.675593e-02 9.424177e+02 4.046544e+01 0.000000e+00 4.098794e-02 9.416081e-01 1.000000e-24 1.000000e-24 1.000000e-24 1.000000e-24 1.000000e-24 5.839186e-02 1.150000e+02 3.300000e+01
2.503334e-02 1.350025e+01 1.598929e-02 9.425360e+02 4.108060e+01 0.000000e+00 3.853799e-02 9.442797e-01 1.000000e-24 1.000000e-24 1.000000e-24 1.000000e-24 1.000000e-24 5.572024e-02 1.150000e+02 3.300000e+01
2.939313e-02 1.354025e+01 1.533585e-02 9.426613e+02 4.177617e+01 0.000000e+00 3.624577e-02 9.465568e-01 1.000000e-24 1.000000e-24 1.000000e-24 1.000000e-24 1.000000e-24 5.344313e-02 1.150000e+02 3.300000e+01
3.489769e-02 1.358025e+01 1.479680e-02 9.427960e+02 4.256775e+01 0.000000e+00 3.410377e-02 9.484354e-01 1.000000e-24 1.000000e-24 1.000000e-24 1.000000e-24 1.000000e-24 5.156462e-02 1.150000e+02 3.300000e+01
4.189279e-02 1.362025e+01 1.437371e-02 9.429425e+02 4.347234e+01 0.000000e+00 3.210485e-02 9.499098e-01 1.000000e-24 1.000000e-24 1.000000e-24 1.000000e-24 1.000000e-24 5.009019e-02 1.150000e+02 3.300000e+01
5.081923e-02 1.366025e+01 1.406850e-02 9.431036e+02 4.450800e+01 0.000000e+00 3.024226e-02 9.509734e-01 1.000000e-24 1.000000e-24 1.000000e-24 1.000000e-24 1.000000e-24 4.902660e-02 1.150000e+02 3.300000e+01
6.223319e-02 1.370025e+01 1.388342e-02 9.432828e+02 4.569333e+01 0.000000e+00 2.850955e-02 9.516183e-01 1.000000e-24 1.000000e-24 1.000000e-24 1.000000e-24 1.000000e-24 4.838163e-02 1.150000e+02 3.300000e+01
7.682890e-02 1.374025e+01 1.382080e-02 9.434840e+02 4.704680e+01 0.000000e+00 2.690049e-02 9.518366e-01 1.498387e-24 1.000000e-24 1.000000e-24 1.000000e-24 1.000000e-24 4.816338e-02 1.150000e+02 3.300000e+01
9.546302e-02 1.378025e+01 1.388274e-02 9.437114e+02 4.858579e+01 0.000000e+00 2.540900e-02 9.516207e-01 9.789484e-17 1.000000e-24 1.000000e-24 1.000000e-24 1.000000e-24 4.837926e-02 1.150000e+02 3.300000e+01
1.191803e-01 1.382025e+01 1.407070e-02 9.439699e+02 5.032546e+01 0.000000e+00 2.402918e-02 9.509658e-01 2.016336e-08 1.000000e-24 1.000000e-24 1.000000e-24 1.000000e-24 4.903418e-02 1.150000e+02 3.300000e+01
1.400959e-01 1.386025e+01 1.423524e-02 9.442592e+02 5.209579e+01 0.000000e+00 2.351047e-02 9.748711e-01 9.851220e-03 1.000000e-24 1.000000e-24 1.000000e-24 1.000000e-24 1.527766e-02 4.870530e+01 1.397630e+01
1.698603e-01 1.390025e+01 1.565112e-02 9.445661e+02 5.544475e+01 0.000000e+00 2.222492e-02 9.843489e-01 1.565112e-02 1.000000e-24 1.000000e-24 1.000000e-24 1.000000e-24 1.000000e-24 1.000000e-24 1.000000e-24
2.113577e-01 1.394025e+01 1.769784e-02 9.449094e+02 5.956386e+01 0.000000e+00 2.098689e-02 9.823022e-01 1.769784e-02 1.000000e-24 1.000000e-24 1.000000e-24 1.000000e-24 1.000000e-24 1.000000e-24 1.000000e-24
2.622563e-01 1.398025e+01 1.995289e-02 9.452920e+02 6.392577e+01 0.000000e+00 1.982587e-02 9.800471e-01 1.995289e-02 1.000000e-24 1.000000e-24 1.000000e-24 1.000000e-24 1.000000e-24 1.000000e-24 1.000000e-24
3.249305e-01 1.402025e+01 2.244478e-02 9.457487e+02 6.855577e+01 0.000000e+00 1.867576e-02 9.775552e-01 2.244478e-02 1.000000e-24 1.000000e-24 1.000000e-24 1.000000e-24 1.000000e-24 1.000000e-24 1.000000e-24
4.007287e-01 1.406025e+01 2.514019e-02 9.462557e+02 7.341647e+01 0.000000e+00 1.759276e-02 9.748598e-01 2.514019e-02 1.000000e-24 1.000000e-24 1.000000e-24 1.000000e-24 1.000000e-24 1.000000e-24 1.000000e-24
4.917531e-01 1.410025e+01 2.801766e-02 9.468148e+02 7.848981e+01 0.000000e+00 1.657216e-02 9.719823e-01 2.801766e-02 1.000000e-24 1.000000e-24 1.000000e-24 1.000000e-24 1.000000e-24 1.000000e-24 1.000000e-24
6.009074e-01 1.414025e+01 3.105444e-02 9.474408e+02 8.376118e+01 0.000000e+00 1.559803e-02 9.689456e-01 3.105444e-02 1.000000e-24 1.000000e-24 1.000000e-24 1.000000e-24 1.000000e-24 1.000000e-24 1.000000e-24
7.319721e-01 1.418025e+01 3.421884e-02 9.481506e+02 8.921181e+01 0.000000e+00 1.465757e-02 9.657812e-01 3.421884e-02 1.000000e-24 1.000000e-24 1.000000e-24 1.000000e-24 1.000000e-24 1.000000e-24 1.000000e-24
8.886407e-01 1.422025e+01 3.743505e-02 9.489257e+02 9.478929e+01 0.000000e+00 1.376610e-02 9.625649e-01 3.743505e-02 1.000000e-24 1.000000e-24 1.000000e-24 1.000000e-24 1.000000e-24 1.000000e-24 1.000000e-24
1.077487e+00 1.426025e+01 4.063866e-02 9.497788e+02 1.004567e+02 0.000000e+00 1.291592e-02 9.593613e-01 4.063866e-02 1.000000e-24 1.000000e-24 1.000000e-24 1.000000e-24 1.000000e-24 1.000000e-24 1.000000e-24
1.309040e+00 1.430025e+01 4.376964e-02 9.507409e+02 1.061833e+02 0.000000e+00 1.209547e-02 9.562304e-01 4.376964e-02 1.000000e-24 1.000000e-24 1.000000e-24 1.000000e-24 1.000000e-24 1.000000e-24 1.000000e-24
1.596354e+00 1.434025e+01 4.672408e-02 9.517975e+02 1.119038e+02 0.000000e+00 1.131425e-02 9.532759e-01 4.672408e-02 1.000000e-24 1.000000e-24 1.000000e-24 1.000000e-24 1.000000e-24 1.000000e-24 1.000000e-24
1.960866e+00 1.438025e+01 4.942012e-02 9.529682e+02 1.175706e+02 0.000000e+00 1.056944e-02 9.505799e-01 4.942012e-02 1.000000e-24 1.000000e-24 1.000000e-24 1.000000e-24 1.000000e-24 1.000000e-24 1.000000e-24
2.435831e+00 1.442025e+01 5.180233e-02 9.543023e+02 1.231536e+02 0.000000e+00 9.854766e-03 9.481977e-01 5.180233e-02 1.000000e-24 1.000000e-24 1.000000e-24 1.000000e-24 1.000000e-24 1.000000e-24 1.000000e-24
3.066766e+00 1.446025e+01 5.380653e-02 9.558234e+02 1.286101e+02 0.000000e+00 9.173478e-03 9.461935e-01 5.380653e-02 1.000000e-24 1.000000e-24 1.000000e-24 1.000000e-24 1.000000e-24 1.000000e-24 1.000000e-24
3.918716e+00 1.450025e+01 5.540296e-02 9.575781e+02 1.339186e+02 0.000000e+00 8.526419e-03 9.445970e-01 5.540296e-02 1.000000e-24 1.000000e-24 1.000000e-24 1.000000e-24 1.000000e-24 1.000000e-24 1.000000e-24
5.081327e+00 1.454025e+01 5.660264e-02 9.596365e+02 1.390834e+02 0.000000e+00 7.913575e-03 9.433974e-01 5.660264e-02 1.000000e-24 1.000000e-24 1.000000e-24 1.000000e-24 1.000000e-24 1.000000e-24 1.000000e-24
6.673613e+00 1.458025e+01 5.745469e-02 9.620869e+02 1.441356e+02 0.000000e+00 7.335372e-03 9.425453e-01 5.745469e-02 1.000000e-24 1.000000e-24 1.000000e-24 1.000000e-24 1.000000e-24 1.000000e-24 1.000000e-24
8.849136e+00 1.462025e+01 5.804213e-02 9.650378e+02 1.491342e+02 0.000000e+00 6.792433e-03 9.419579e-01 5.804213e-02 1.000000e-24 1.000000e-24 1.000000e-24 1.000000e-24 1.000000e-24 1.000000e-24 1.000000e-24
1.180176e+01 1.466025e+01 5.847009e-02 9.686190e+02 1.541607e+02 0.000000e+00 6.285291e-03 9.415299e-01 5.847009e-02 1.000000e-24 1.000000e-24 1.000000e-24 1.000000e-24 1.000000e-24 1.000000e-24 1.000000e-24
1.577338e+01 1.470025e+01 5.884924e-02 9.729812e+02 1.593099e+02 0.000000e+00 5.814160e-03 9.411508e-01 5.884924e-02 1.000000e-24 1.000000e-24 1.000000e-24 1.000000e-24 1.000000e-24 1.000000e-24 1.000000e-24
2.106566e+01 1.474025e+01 5.927885e-02 9.782973e+02 1.646754e+02 0.000000e+00 5.378791e-03 9.407211e-01 5.927885e-02 1.000000e-24 1.000000e-24 1.000000e-24 1.000000e-24 1.000000e-24 1.000000e-24 1.000000e-24
2.805838e+01 1.478025e+01 5.983481e-02 9.847634e+02 1.703387e+02 0.000000e+00 4.978462e-03 9.401652e-01 5.983481e-02 1.000000e-24 1.000000e-24 1.000000e-24 1.000000e-24 1.000000e-24 1.000000e-24 1.000000e-24
3.723798e+01 1.482025e+01 6.057359e-02 9.926111e+02 1.763693e+02 0.000000e+00 4.611635e-03 9.394264e-01 6.057359e-02 1.000000e-24 1.000000e-24 1.000000e-24 1.000000e-24 1.000000e-24 1.000000e-24 1.000000e-24
4.923267e+01 1.486025e+01 6.152258e-02 1.002094e+03 1.828128e+02 0.000000e+00 4.277168e-03 9.384774e-01 6.152258e-02 1.000000e-24 1.000000e-24 1.000000e-24 1.000000e-24 1.000000e-24 1.000000e-24 1.000000e-24
6.485917e+01 1.490025e+01 6.270691e-02 1.013504e+03 1.897143e+02 0.000000e+00 3.973710e-03 9.372931e-01 6.270691e-02 1.000000e-24 1.000000e-24 1.000000e-24 1.000000e-24 1.000000e-24 1.000000e-24 1.000000e-24
8.516379e+01 1.494025e+01 6.417411e-02 1.027188e+03 1.971431e+02 0.000000e+00 3.699796e-03 9.358259e-01 6.417411e-02 1.000000e-24 1.000000e-24 1.000000e-24 1.000000e-24 1.000000e-24 1.000000e-24 1.000000e-24
1.114321e+02 1.498025e+01 6.600626e-02 1.043542e+03 2.052059e+02 0.000000e+00 3.454029e-03 9.339937e-01 6.600626e-02 1.000000e-24 1.000000e-24 1.000000e-24 1.000000e-24 1.000000e-24 1.000000e-24 1.000000e-24
1.451516e+02 1.502025e+01 6.829932e-02 1.063005e+03 2.140261e+02 0.000000e+00 3.234955e-03 9.317007e-01 6.829932e-02 1.000000e-24 1.000000e-24 1.000000e-24 1.000000e-24 1.000000e-24 1.000000e-24 1.000000e-24
1.879804e+02 1.506025e+01 7.111889e-02 1.086067e+03 2.236950e+02 0.000000e+00 3.040442e-03 9.288811e-01 7.111889e-02 1.000000e-24 1.000000e-24 1.000000e-24 1.000000e-24 1.000000e-24 1.000000e-24 1.000000e-24
2.418088e+02 1.510025e+01 7.442892e-02 1.113230e+03 2.341936e+02 0.000000e+00 2.867962e-03 9.255711e-01 7.442892e-02 1.000000e-24 1.000000e-24 1.000000e-24 1.000000e-24 1.000000e-24 1.000000e-24 1.000000e-24
3.089328e+02 1.514025e+01 7.804136e-02 1.144962e+03 2.453406e+02 0.000000e+00 2.715371e-03 9.219586e-01 7.804136e-02 1.000000e-24 1.000000e-24 1.000000e-24 1.000000e-24 1.000000e-24 1.000000e-24 1.000000e-24
3.923385e+02 1.518025e+01 8.177944e-02 1.181827e+03 2.569660e+02 0.000000e+00 2.579504e-03 9.182206e-01 8.177944e-02 1.000000e-24 1.000000e-24 1.000000e-24 1.000000e-24 1.000000e-24 1.000000e-24 1.000000e-24
4.959323e+02 1.522025e+01 8.546245e-02 1.224428e+03 2.688970e+02 0.000000e+00 2.457777e-03 9.145376e-01 8.546245e-02 1.000000e-24 1.000000e-24 1.000000e-24 1.000000e-24 1.000000e-24 1.000000e-24 1.000000e-24
6.248685e+02 1.526025e+01 8.891383e-02 1.273427e+03 2.809640e+02 0.000000e+00 2.348246e-03 9.110862e-01 8.891383e-02 1.000000e-24 1.000000e-24 1.000000e-24 1.000000e-24 1.000000e-24 1.000000e-24 1.000000e-24
7.861788e+02 1.530025e+01 9.208688e-02 1.329705e+03 2.931298e+02 0.000000e+00 2.248702e-03 9.079131e-01 9.208688e-02 1.000000e-24 1.000000e-24 1.000000e-24 1.000000e-24 1.000000e-24 1.000000e-24 1.000000e-24
9.897592e+02 1.534025e+01 9.492357e-02 1.394290e+03 3.053412e+02 0.000000e+00 2.157697e-03 9.050764e-01 9.492357e-02 1.000000e-24 1.000000e-24 1.000000e-24 1.000000e-24 1.000000e-24 1.000000e-24 1.000000e-24
1.250552e+03 1.538025e+01 9.739828e-02 1.468544e+03 3.175736e+02 0.000000e+00 2.073990e-03 9.026017e-01 9.739828e-02 1.000000e-24 1.000000e-24 1.000000e-24 1.000000e-24 1.000000e-24 1.000000e-24 1.000000e-24
1.593673e+03 1.542025e+01 9.952834e-02 1.554427e+03 3.298447e+02 0.000000e+00 1.996460e-03 9.004717e-01 9.952834e-02 1.000000e-24 1.000000e-24 1.000000e-24 1.000000e-24 1.000000e-24 1.000000e-24 1.000000e-24
2.070167e+03 1.546025e+01 1.013739e-01 1.655123e+03 3.422179e+02 0.000000e+00 1.924104e-03 8.986261e-01 1.013739e-01 1.000000e-24 1.000000e-24 1.000000e-24 1.000000e-24 1.000000e-24 1.000000e-24 1.000000e-24
2.843491e+03 1.550025e+01 1.029475e-01 1.777151e+03 3.547038e+02 0.000000e+00 1.856273e-03 8.970525e-01 1.029475e-01 1.000000e-24 1.000000e-24 1.000000e-24 1.000000e-24 1.000000e-24 1.000000e-24 1.000000e-24
