# HS equation of state (sfhx)
# Beta-equilibrium 
# temperature T = 0.1 MeV
#
# 1: pressure[MeV/fm3], 
# 2: log10(rho[cgs])
# 3: Y_e
# 4: internal energy [MeV/baryon]
# 5: muhat [MeV]
# 6: sound velocity [?cm/s]
# 7: specific entropy [kB/baryon]
# 8: mass fraction of neutrons: Xn
# 9: mass fraction of protons: Xp
# 10: mass fraction of deuterons: Xd
# 11: mass fraction of tritons: Xt
# 12: mass fraction of helions: Xh
# 13: mass fraction of alphas" Xalp
# 14: mass fraction of heavy nuclei XA
# 15: average atomic mass of heavy nuclei: A
# 16: average charge of heavy nuclei: Z
#
# ...Loading EOS-table from eos/eos_sfhx.txt...
#  nrho, ntemp, nye, nvars = 326 81 60 14
# ...Done reading EOS file...
#
3.180880E-12 3.220249E+00 4.621119E-01 9.409910E+02 5.131748E-01 0.000000E+00 1.403209E+02 1.000000E-24 1.000000E-24 1.000000E-24 1.000000E-24 1.000000E-24 8.664475E-22 1.000000E+00 5.680334E+01 2.624687E+01
3.181687E-12 3.260249E+00 4.621093E-01 9.400441E+02 5.133122E-01 0.000000E+00 1.280536E+02 1.000000E-24 1.000000E-24 1.000000E-24 1.000000E-24 1.000000E-24 7.942886E-22 1.000000E+00 5.680641E+01 2.624814E+01
3.182640E-12 3.300249E+00 4.621067E-01 9.391810E+02 5.134582E-01 0.000000E+00 1.168689E+02 1.000000E-24 1.000000E-24 1.000000E-24 1.000000E-24 1.000000E-24 7.281101E-22 1.000000E+00 5.680949E+01 2.624942E+01
3.183765E-12 3.340249E+00 4.621040E-01 9.383943E+02 5.136135E-01 0.000000E+00 1.066718E+02 1.000000E-24 1.000000E-24 1.000000E-24 1.000000E-24 1.000000E-24 6.674193E-22 1.000000E+00 5.681259E+01 2.625070E+01
3.185096E-12 3.380249E+00 4.621013E-01 9.376773E+02 5.137786E-01 0.000000E+00 9.737581E+01 1.000000E-24 1.000000E-24 1.000000E-24 1.000000E-24 1.000000E-24 6.117604E-22 1.000000E+00 5.681571E+01 2.625198E+01
3.186669E-12 3.420249E+00 4.620985E-01 9.370238E+02 5.139540E-01 0.000000E+00 8.890188E+01 1.000000E-24 1.000000E-24 1.000000E-24 1.000000E-24 1.000000E-24 5.607191E-22 1.000000E+00 5.681884E+01 2.625328E+01
3.188530E-12 3.460249E+00 4.620957E-01 9.364283E+02 5.141405E-01 0.000000E+00 8.117806E+01 1.000000E-24 1.000000E-24 1.000000E-24 1.000000E-24 1.000000E-24 5.139126E-22 1.000000E+00 5.682199E+01 2.625457E+01
3.190732E-12 3.500249E+00 4.620929E-01 9.358860E+02 5.143387E-01 0.000000E+00 7.413871E+01 1.000000E-24 1.000000E-24 1.000000E-24 1.000000E-24 1.000000E-24 4.709903E-22 1.000000E+00 5.682517E+01 2.625588E+01
3.193338E-12 3.540249E+00 4.620900E-01 9.353919E+02 5.145494E-01 0.000000E+00 6.772397E+01 1.000000E-24 1.000000E-24 1.000000E-24 1.000000E-24 1.000000E-24 4.316321E-22 1.000000E+00 5.682836E+01 2.625720E+01
3.196421E-12 3.580249E+00 4.620871E-01 9.349419E+02 5.147733E-01 0.000000E+00 6.187927E+01 1.000000E-24 1.000000E-24 1.000000E-24 1.000000E-24 1.000000E-24 3.955416E-22 1.000000E+00 5.683158E+01 2.625852E+01
3.200065E-12 3.620249E+00 4.620841E-01 9.345324E+02 5.150113E-01 0.000000E+00 5.655483E+01 1.000000E-24 1.000000E-24 1.000000E-24 1.000000E-24 1.000000E-24 3.624493E-22 1.000000E+00 5.683481E+01 2.625984E+01
3.204367E-12 3.660249E+00 4.620811E-01 9.341595E+02 5.152643E-01 0.000000E+00 5.170525E+01 1.000000E-24 1.000000E-24 1.000000E-24 1.000000E-24 1.000000E-24 3.321071E-22 1.000000E+00 5.683807E+01 2.626118E+01
3.209443E-12 3.700249E+00 4.620780E-01 9.338203E+02 5.155331E-01 0.000000E+00 4.728909E+01 1.000000E-24 1.000000E-24 1.000000E-24 1.000000E-24 1.000000E-24 3.042865E-22 1.000000E+00 5.684135E+01 2.626252E+01
3.215422E-12 3.740249E+00 4.620748E-01 9.335119E+02 5.158188E-01 0.000000E+00 4.326854E+01 1.000000E-24 1.000000E-24 1.000000E-24 1.000000E-24 1.000000E-24 2.787790E-22 1.000000E+00 5.684466E+01 2.626387E+01
3.222451E-12 3.780249E+00 4.620716E-01 9.332314E+02 5.161224E-01 0.000000E+00 3.960908E+01 1.000000E-24 1.000000E-24 1.000000E-24 1.000000E-24 1.000000E-24 2.553938E-22 1.000000E+00 5.684799E+01 2.626522E+01
3.230699E-12 3.820249E+00 4.620683E-01 9.329767E+02 5.164451E-01 0.000000E+00 3.627914E+01 1.000000E-24 1.000000E-24 1.000000E-24 1.000000E-24 1.000000E-24 2.339540E-22 1.000000E+00 5.685135E+01 2.626658E+01
3.240350E-12 3.860249E+00 4.620649E-01 9.327452E+02 5.167879E-01 0.000000E+00 3.324988E+01 1.000000E-24 1.000000E-24 1.000000E-24 1.000000E-24 1.000000E-24 2.142991E-22 1.000000E+00 5.685473E+01 2.626796E+01
3.251614E-12 3.900249E+00 4.620615E-01 9.325352E+02 5.171522E-01 0.000000E+00 3.049489E+01 1.000000E-24 1.000000E-24 1.000000E-24 1.000000E-24 1.000000E-24 1.962807E-22 1.000000E+00 5.685815E+01 2.626935E+01
3.264717E-12 3.940249E+00 4.620580E-01 9.323446E+02 5.175394E-01 0.000000E+00 2.799000E+01 1.000000E-24 1.000000E-24 1.000000E-24 1.000000E-24 1.000000E-24 1.797637E-22 1.000000E+00 5.686159E+01 2.627074E+01
3.279908E-12 3.980249E+00 4.620543E-01 9.321718E+02 5.179507E-01 0.000000E+00 2.571305E+01 1.000000E-24 1.000000E-24 1.000000E-24 1.000000E-24 1.000000E-24 1.646232E-22 1.000000E+00 5.686505E+01 2.627213E+01
3.297455E-12 4.020249E+00 4.620506E-01 9.320151E+02 5.183876E-01 0.000000E+00 2.364372E+01 1.000000E-24 1.000000E-24 1.000000E-24 1.000000E-24 1.000000E-24 1.507449E-22 1.000000E+00 5.686856E+01 2.627354E+01
3.317647E-12 4.060249E+00 4.620468E-01 9.318732E+02 5.188519E-01 0.000000E+00 2.176335E+01 1.000000E-24 1.000000E-24 1.000000E-24 1.000000E-24 1.000000E-24 1.380245E-22 1.000000E+00 5.687210E+01 2.627496E+01
3.340793E-12 4.100249E+00 4.620429E-01 9.317446E+02 5.193451E-01 0.000000E+00 2.005483E+01 1.000000E-24 1.000000E-24 1.000000E-24 1.000000E-24 1.000000E-24 1.263658E-22 1.000000E+00 5.687566E+01 2.627639E+01
3.367217E-12 4.140249E+00 4.620388E-01 9.316283E+02 5.198690E-01 0.000000E+00 1.850246E+01 1.000000E-24 1.000000E-24 1.000000E-24 1.000000E-24 1.000000E-24 1.156807E-22 1.000000E+00 5.687926E+01 2.627782E+01
3.397270E-12 4.180249E+00 4.620347E-01 9.315230E+02 5.204255E-01 0.000000E+00 1.709185E+01 1.000000E-24 1.000000E-24 1.000000E-24 1.000000E-24 1.000000E-24 1.058882E-22 1.000000E+00 5.688291E+01 2.627927E+01
3.431317E-12 4.220249E+00 4.620304E-01 9.314277E+02 5.210166E-01 0.000000E+00 1.580982E+01 1.000000E-24 1.000000E-24 1.000000E-24 1.000000E-24 1.000000E-24 9.691419E-23 1.000000E+00 5.688659E+01 2.628073E+01
3.469750E-12 4.260249E+00 4.620260E-01 9.313415E+02 5.216443E-01 0.000000E+00 1.464432E+01 1.000000E-24 1.000000E-24 1.000000E-24 1.000000E-24 1.000000E-24 8.869094E-23 1.000000E+00 5.689031E+01 2.628220E+01
3.512986E-12 4.300249E+00 4.620215E-01 9.312635E+02 5.223110E-01 0.000000E+00 1.358438E+01 1.000000E-24 1.000000E-24 1.000000E-24 1.000000E-24 1.000000E-24 8.115586E-23 1.000000E+00 5.689407E+01 2.628369E+01
3.561473E-12 4.340249E+00 4.620167E-01 9.311930E+02 5.230190E-01 0.000000E+00 1.261995E+01 1.000000E-24 1.000000E-24 1.000000E-24 1.000000E-24 1.000000E-24 7.425174E-23 1.000000E+00 5.689787E+01 2.628518E+01
3.615690E-12 4.380249E+00 4.620119E-01 9.311291E+02 5.237707E-01 0.000000E+00 1.174194E+01 1.000000E-24 1.000000E-24 1.000000E-24 1.000000E-24 1.000000E-24 6.792618E-23 1.000000E+00 5.690173E+01 2.628668E+01
3.676157E-12 4.420249E+00 4.620068E-01 9.310713E+02 5.245689E-01 0.000000E+00 1.094209E+01 1.000000E-24 1.000000E-24 1.000000E-24 1.000000E-24 1.000000E-24 6.213103E-23 1.000000E+00 5.690562E+01 2.628820E+01
3.743441E-12 4.460249E+00 4.620016E-01 9.310190E+02 5.254163E-01 0.000000E+00 1.021290E+01 1.000000E-24 1.000000E-24 1.000000E-24 1.000000E-24 1.000000E-24 5.682224E-23 1.000000E+00 5.690957E+01 2.628973E+01
3.818157E-12 4.500249E+00 4.619962E-01 9.309716E+02 5.263158E-01 0.000000E+00 9.547612E+00 1.000000E-24 1.000000E-24 1.000000E-24 1.000000E-24 1.000000E-24 5.195919E-23 1.000000E+00 5.691357E+01 2.629127E+01
3.900978E-12 4.540249E+00 4.619906E-01 9.309286E+02 5.272706E-01 0.000000E+00 8.940099E+00 1.000000E-24 1.000000E-24 1.000000E-24 1.000000E-24 1.000000E-24 4.750495E-23 1.000000E+00 5.691763E+01 2.629283E+01
3.992646E-12 4.580249E+00 4.619848E-01 9.308897E+02 5.282839E-01 0.000000E+00 8.384838E+00 1.000000E-24 1.000000E-24 1.000000E-24 1.000000E-24 1.000000E-24 4.342526E-23 1.000000E+00 5.692174E+01 2.629440E+01
4.093972E-12 4.620249E+00 4.619788E-01 9.308544E+02 5.293593E-01 0.000000E+00 7.876842E+00 1.000000E-24 1.000000E-24 1.000000E-24 1.000000E-24 1.000000E-24 3.968900E-23 1.000000E+00 5.692591E+01 2.629599E+01
4.205852E-12 4.660249E+00 4.619725E-01 9.308224E+02 5.305004E-01 0.000000E+00 7.411618E+00 1.000000E-24 1.000000E-24 1.000000E-24 1.000000E-24 1.000000E-24 3.626763E-23 1.000000E+00 5.693015E+01 2.629760E+01
4.329271E-12 4.700249E+00 4.619659E-01 9.307934E+02 5.317110E-01 0.000000E+00 6.985111E+00 1.000000E-24 1.000000E-24 1.000000E-24 1.000000E-24 1.000000E-24 3.313477E-23 1.000000E+00 5.693445E+01 2.629922E+01
4.465316E-12 4.740249E+00 4.619591E-01 9.307671E+02 5.329953E-01 0.000000E+00 6.593666E+00 1.000000E-24 1.000000E-24 1.000000E-24 1.000000E-24 1.000000E-24 3.026639E-23 1.000000E+00 5.693882E+01 2.630086E+01
4.615187E-12 4.780249E+00 4.619521E-01 9.307432E+02 5.343574E-01 0.000000E+00 6.233987E+00 1.000000E-24 1.000000E-24 1.000000E-24 1.000000E-24 1.000000E-24 2.764044E-23 1.000000E+00 5.694325E+01 2.630250E+01
4.780207E-12 4.820249E+00 4.619447E-01 9.307214E+02 5.358021E-01 0.000000E+00 5.903101E+00 1.000000E-24 1.000000E-24 1.000000E-24 1.000000E-24 1.000000E-24 2.523664E-23 1.000000E+00 5.694776E+01 2.630418E+01
4.961838E-12 4.860249E+00 4.619370E-01 9.307017E+02 5.373339E-01 0.000000E+00 5.598322E+00 1.000000E-24 1.000000E-24 1.000000E-24 1.000000E-24 1.000000E-24 2.303642E-23 1.000000E+00 5.695236E+01 2.630587E+01
5.161694E-12 4.900249E+00 4.619289E-01 9.306838E+02 5.389579E-01 0.000000E+00 5.317231E+00 1.000000E-24 1.000000E-24 1.000000E-24 1.000000E-24 1.000000E-24 2.102277E-23 1.000000E+00 5.695703E+01 2.630758E+01
5.381561E-12 4.940249E+00 4.619205E-01 9.306675E+02 5.406793E-01 0.000000E+00 5.057637E+00 1.000000E-24 1.000000E-24 1.000000E-24 1.000000E-24 1.000000E-24 1.918012E-23 1.000000E+00 5.696180E+01 2.630930E+01
5.623409E-12 4.980249E+00 4.619117E-01 9.306528E+02 5.425038E-01 0.000000E+00 4.817564E+00 1.000000E-24 1.000000E-24 1.000000E-24 1.000000E-24 1.000000E-24 1.749413E-23 1.000000E+00 5.696665E+01 2.631105E+01
5.889422E-12 5.020249E+00 4.619026E-01 9.306393E+02 5.444370E-01 0.000000E+00 4.595225E+00 1.000000E-24 1.000000E-24 1.000000E-24 1.000000E-24 1.000000E-24 1.595166E-23 1.000000E+00 5.697159E+01 2.631282E+01
6.182014E-12 5.060249E+00 4.618930E-01 9.306271E+02 5.464851E-01 0.000000E+00 4.389002E+00 1.000000E-24 1.000000E-24 1.000000E-24 1.000000E-24 1.000000E-24 1.454074E-23 1.000000E+00 5.697664E+01 2.631461E+01
6.503857E-12 5.100249E+00 4.618829E-01 9.306160E+02 5.486545E-01 0.000000E+00 4.197433E+00 1.000000E-24 1.000000E-24 1.000000E-24 1.000000E-24 1.000000E-24 1.325029E-23 1.000000E+00 5.698178E+01 2.631642E+01
6.857914E-12 5.140249E+00 4.618724E-01 9.306059E+02 5.509518E-01 0.000000E+00 4.019194E+00 1.000000E-24 1.000000E-24 1.000000E-24 1.000000E-24 1.000000E-24 1.207024E-23 1.000000E+00 5.698704E+01 2.631826E+01
7.247471E-12 5.180249E+00 4.618614E-01 9.305967E+02 5.533841E-01 0.000000E+00 3.853085E+00 1.000000E-24 1.000000E-24 1.000000E-24 1.000000E-24 1.000000E-24 1.099132E-23 1.000000E+00 5.699241E+01 2.632013E+01
7.676171E-12 5.220249E+00 4.618499E-01 9.305884E+02 5.559586E-01 0.000000E+00 3.698021E+00 1.000000E-24 1.000000E-24 1.000000E-24 1.000000E-24 1.000000E-24 1.000499E-23 1.000000E+00 5.699790E+01 2.632202E+01
8.148063E-12 5.260249E+00 4.618378E-01 9.305808E+02 5.586831E-01 0.000000E+00 3.553018E+00 1.000000E-24 1.000000E-24 1.000000E-24 1.000000E-24 1.000000E-24 9.169235E-24 1.000000E+00 5.700351E+01 2.632394E+01
8.667647E-12 5.300249E+00 4.618252E-01 9.305740E+02 5.615655E-01 0.000000E+00 3.417184E+00 1.000000E-24 1.000000E-24 1.000000E-24 1.000000E-24 1.000000E-24 8.408572E-24 1.000000E+00 5.700926E+01 2.632588E+01
9.239930E-12 5.340249E+00 4.618119E-01 9.305678E+02 5.646143E-01 0.000000E+00 3.289711E+00 1.000000E-24 1.000000E-24 1.000000E-24 1.000000E-24 1.000000E-24 7.714034E-24 1.000000E+00 5.701514E+01 2.632784E+01
9.870492E-12 5.380249E+00 4.617980E-01 9.305622E+02 5.678380E-01 0.000000E+00 3.169866E+00 1.000000E-24 1.000000E-24 1.000000E-24 1.000000E-24 1.000000E-24 7.080055E-24 1.000000E+00 5.702116E+01 2.632984E+01
1.056555E-11 5.420249E+00 4.617834E-01 9.305571E+02 5.712458E-01 0.000000E+00 3.056986E+00 1.000000E-24 1.000000E-24 1.000000E-24 1.000000E-24 1.000000E-24 6.501500E-24 1.000000E+00 5.702732E+01 2.633188E+01
1.133205E-11 5.460249E+00 4.617681E-01 9.305525E+02 5.748471E-01 0.000000E+00 2.950470E+00 1.000000E-24 1.000000E-24 1.000000E-24 1.000000E-24 1.000000E-24 5.973712E-24 1.000000E+00 5.703365E+01 2.633394E+01
1.217775E-11 5.500249E+00 4.617521E-01 9.305483E+02 5.786518E-01 0.000000E+00 2.849770E+00 1.000000E-24 1.000000E-24 1.000000E-24 1.000000E-24 1.000000E-24 5.492386E-24 1.000000E+00 5.704014E+01 2.633604E+01
1.311134E-11 5.540249E+00 4.617352E-01 9.305446E+02 5.826699E-01 0.000000E+00 2.754397E+00 1.000000E-24 1.000000E-24 1.000000E-24 1.000000E-24 1.000000E-24 5.053592E-24 1.000000E+00 5.704679E+01 2.633817E+01
1.414253E-11 5.580249E+00 4.617176E-01 9.305413E+02 5.869122E-01 0.000000E+00 2.663901E+00 1.000000E-24 1.000000E-24 1.000000E-24 1.000000E-24 1.000000E-24 4.653726E-24 1.000000E+00 5.705363E+01 2.634034E+01
1.528226E-11 5.620249E+00 4.616991E-01 9.305383E+02 5.913895E-01 0.000000E+00 2.577878E+00 1.000000E-24 1.000000E-24 1.000000E-24 1.000000E-24 1.000000E-24 4.289497E-24 1.000000E+00 5.706065E+01 2.634254E+01
1.654277E-11 5.660249E+00 4.616796E-01 9.305356E+02 5.961132E-01 0.000000E+00 2.495964E+00 1.000000E-24 1.000000E-24 1.000000E-24 1.000000E-24 1.000000E-24 3.957872E-24 1.000000E+00 5.706786E+01 2.634478E+01
1.793786E-11 5.700249E+00 4.616592E-01 9.305333E+02 6.010951E-01 0.000000E+00 2.417827E+00 1.000000E-24 1.000000E-24 1.000000E-24 1.000000E-24 1.000000E-24 3.656087E-24 1.000000E+00 5.707528E+01 2.634706E+01
1.948304E-11 5.740249E+00 4.616379E-01 9.305313E+02 6.063473E-01 0.000000E+00 2.343170E+00 1.000000E-24 1.000000E-24 1.000000E-24 1.000000E-24 1.000000E-24 3.381599E-24 1.000000E+00 5.708291E+01 2.634939E+01
2.119580E-11 5.780249E+00 4.616154E-01 9.305296E+02 6.118823E-01 0.000000E+00 2.271722E+00 1.000000E-24 1.000000E-24 1.000000E-24 1.000000E-24 1.000000E-24 3.132091E-24 1.000000E+00 5.709075E+01 2.635175E+01
2.309590E-11 5.820249E+00 4.615919E-01 9.305280E+02 6.177132E-01 0.000000E+00 2.203244E+00 1.000000E-24 1.000000E-24 1.000000E-24 1.000000E-24 1.000000E-24 2.905434E-24 1.000000E+00 5.709882E+01 2.635416E+01
2.520567E-11 5.860249E+00 4.615672E-01 9.305267E+02 6.238531E-01 0.000000E+00 2.137516E+00 1.000000E-24 1.000000E-24 1.000000E-24 1.000000E-24 1.000000E-24 2.699682E-24 1.000000E+00 5.710713E+01 2.635662E+01
2.755034E-11 5.900249E+00 4.615413E-01 9.305257E+02 6.303158E-01 0.000000E+00 2.074344E+00 1.000000E-24 1.000000E-24 1.000000E-24 1.000000E-24 1.000000E-24 2.513049E-24 1.000000E+00 5.711569E+01 2.635911E+01
3.015851E-11 5.940249E+00 4.615142E-01 9.305249E+02 6.371154E-01 0.000000E+00 2.013552E+00 1.000000E-24 1.000000E-24 1.000000E-24 1.000000E-24 1.000000E-24 2.343900E-24 1.000000E+00 5.712450E+01 2.636166E+01
3.306257E-11 5.980249E+00 4.614858E-01 9.305243E+02 6.442665E-01 0.000000E+00 1.954983E+00 1.000000E-24 1.000000E-24 1.000000E-24 1.000000E-24 1.000000E-24 2.190742E-24 1.000000E+00 5.713358E+01 2.636426E+01
3.629931E-11 6.020249E+00 4.614560E-01 9.305239E+02 6.517837E-01 0.000000E+00 1.898499E+00 1.000000E-24 1.000000E-24 1.000000E-24 1.000000E-24 1.000000E-24 2.052207E-24 1.000000E+00 5.714294E+01 2.636691E+01
3.991046E-11 6.060249E+00 4.614247E-01 9.305238E+02 6.596825E-01 0.000000E+00 1.843974E+00 1.000000E-24 1.000000E-24 1.000000E-24 1.000000E-24 1.000000E-24 1.927039E-24 1.000000E+00 5.715258E+01 2.636961E+01
4.394344E-11 6.100249E+00 4.613920E-01 9.305238E+02 6.679783E-01 0.000000E+00 1.791297E+00 1.000000E-24 1.000000E-24 1.000000E-24 1.000000E-24 1.000000E-24 1.814093E-24 1.000000E+00 5.716253E+01 2.637237E+01
4.845218E-11 6.140249E+00 4.613578E-01 9.305240E+02 6.766872E-01 0.000000E+00 1.740372E+00 1.000000E-24 1.000000E-24 1.000000E-24 1.000000E-24 1.000000E-24 1.712317E-24 1.000000E+00 5.717278E+01 2.637518E+01
5.349800E-11 6.180249E+00 4.613219E-01 9.305244E+02 6.858255E-01 0.000000E+00 1.691109E+00 1.000000E-24 1.000000E-24 1.000000E-24 1.000000E-24 1.000000E-24 1.620756E-24 1.000000E+00 5.718336E+01 2.637805E+01
5.915070E-11 6.220249E+00 4.612844E-01 9.305250E+02 6.954100E-01 0.000000E+00 1.643434E+00 1.000000E-24 1.000000E-24 1.000000E-24 1.000000E-24 1.000000E-24 1.538526E-24 1.000000E+00 5.719426E+01 2.638098E+01
6.548970E-11 6.260249E+00 4.612451E-01 9.305258E+02 7.054576E-01 0.000000E+00 1.597279E+00 1.000000E-24 1.000000E-24 1.000000E-24 1.000000E-24 1.000000E-24 1.464825E-24 1.000000E+00 5.720550E+01 2.638397E+01
7.260545E-11 6.300249E+00 4.612040E-01 9.305269E+02 7.159858E-01 0.000000E+00 1.552582E+00 1.000000E-24 1.000000E-24 1.000000E-24 1.000000E-24 1.000000E-24 1.398922E-24 1.000000E+00 5.721711E+01 2.638703E+01
8.060088E-11 6.340249E+00 4.611611E-01 9.305280E+02 7.270124E-01 0.000000E+00 1.509293E+00 1.000000E-24 1.000000E-24 1.000000E-24 1.000000E-24 1.000000E-24 1.340142E-24 1.000000E+00 5.722908E+01 2.639015E+01
8.959323E-11 6.380249E+00 4.611162E-01 9.305295E+02 7.385554E-01 0.000000E+00 1.467364E+00 1.000000E-24 1.000000E-24 1.000000E-24 1.000000E-24 1.000000E-24 1.287871E-24 1.000000E+00 5.724142E+01 2.639332E+01
9.971596E-11 6.420249E+00 4.610693E-01 9.305311E+02 7.506334E-01 0.000000E+00 1.426752E+00 1.000000E-24 1.000000E-24 1.000000E-24 1.000000E-24 1.000000E-24 1.241549E-24 1.000000E+00 5.725416E+01 2.639657E+01
1.111210E-10 6.460249E+00 4.610203E-01 9.305330E+02 7.632652E-01 0.000000E+00 1.387423E+00 1.000000E-24 1.000000E-24 1.000000E-24 1.000000E-24 1.000000E-24 1.200664E-24 1.000000E+00 5.726731E+01 2.639989E+01
1.239812E-10 6.500249E+00 4.609691E-01 9.305350E+02 7.764699E-01 0.000000E+00 1.349340E+00 1.000000E-24 1.000000E-24 1.000000E-24 1.000000E-24 1.000000E-24 1.164746E-24 1.000000E+00 5.728087E+01 2.640328E+01
1.384933E-10 6.540249E+00 4.609157E-01 9.305373E+02 7.902672E-01 0.000000E+00 1.312475E+00 1.000000E-24 1.000000E-24 1.000000E-24 1.000000E-24 1.000000E-24 1.133369E-24 1.000000E+00 5.729485E+01 2.640673E+01
1.548812E-10 6.580249E+00 4.608599E-01 9.305399E+02 8.046768E-01 0.000000E+00 1.276797E+00 1.000000E-24 1.000000E-24 1.000000E-24 1.000000E-24 1.000000E-24 1.106143E-24 1.000000E+00 5.730927E+01 2.641027E+01
1.733990E-10 6.620249E+00 4.608018E-01 9.305426E+02 8.197191E-01 0.000000E+00 1.242280E+00 1.000000E-24 1.000000E-24 1.000000E-24 1.000000E-24 1.000000E-24 1.082712E-24 1.000000E+00 5.732415E+01 2.641386E+01
1.943361E-10 6.660249E+00 4.607411E-01 9.305456E+02 8.354146E-01 0.000000E+00 1.208899E+00 1.000000E-24 1.000000E-24 1.000000E-24 1.000000E-24 1.000000E-24 1.062753E-24 1.000000E+00 5.733950E+01 2.641754E+01
2.180211E-10 6.700249E+00 4.606779E-01 9.305489E+02 8.517847E-01 0.000000E+00 1.176628E+00 1.000000E-24 1.000000E-24 1.000000E-24 1.000000E-24 1.000000E-24 1.045969E-24 1.000000E+00 5.735531E+01 2.642130E+01
2.448270E-10 6.740249E+00 4.606120E-01 9.305524E+02 8.688504E-01 0.000000E+00 1.145443E+00 1.000000E-24 1.000000E-24 1.000000E-24 1.000000E-24 1.000000E-24 1.032093E-24 1.000000E+00 5.737162E+01 2.642512E+01
2.751775E-10 6.780249E+00 4.605434E-01 9.305562E+02 8.866339E-01 0.000000E+00 1.115318E+00 1.000000E-24 1.000000E-24 1.000000E-24 1.000000E-24 1.000000E-24 1.020880E-24 1.000000E+00 5.738844E+01 2.642903E+01
3.095534E-10 6.820249E+00 4.604719E-01 9.305603E+02 9.051573E-01 0.000000E+00 1.086229E+00 1.000000E-24 1.000000E-24 1.000000E-24 1.000000E-24 1.000000E-24 1.012108E-24 1.000000E+00 5.740575E+01 2.643301E+01
3.485000E-10 6.860249E+00 4.603974E-01 9.305646E+02 9.244433E-01 0.000000E+00 1.058151E+00 1.000000E-24 1.000000E-24 1.000000E-24 1.000000E-24 1.000000E-24 1.005575E-24 1.000000E+00 5.742360E+01 2.643706E+01
3.926361E-10 6.900249E+00 4.603200E-01 9.305693E+02 9.445154E-01 0.000000E+00 1.031056E+00 1.000000E-24 1.000000E-24 1.000000E-24 1.000000E-24 1.000000E-24 1.001098E-24 1.000000E+00 5.744199E+01 2.644119E+01
4.426627E-10 6.940249E+00 4.602394E-01 9.305742E+02 9.653970E-01 0.000000E+00 1.004919E+00 1.000000E-24 1.000000E-24 1.000000E-24 1.000000E-24 1.000000E-24 1.000000E-24 1.000000E+00 5.746094E+01 2.644540E+01
4.993748E-10 6.980249E+00 4.601555E-01 9.305795E+02 9.871125E-01 0.000000E+00 9.797123E-01 1.000000E-24 1.000000E-24 1.000000E-24 1.000000E-24 1.000000E-24 1.000000E-24 1.000000E+00 5.748044E+01 2.644970E+01
5.636725E-10 7.020249E+00 4.600683E-01 9.305850E+02 1.009687E+00 0.000000E+00 9.554083E-01 1.000000E-24 1.000000E-24 1.000000E-24 1.000000E-24 1.000000E-24 1.000000E-24 1.000000E+00 5.750051E+01 2.645406E+01
6.364560E-10 7.060249E+00 4.599140E-01 9.305909E+02 1.033106E+00 0.000000E+00 9.318493E-01 1.000000E-24 1.000000E-24 1.000000E-24 1.000000E-24 1.000000E-24 1.000000E-24 1.000000E+00 5.753725E+01 2.646199E+01
7.185390E-10 7.100249E+00 4.595554E-01 9.305973E+02 1.057307E+00 0.000000E+00 9.087400E-01 1.000000E-24 1.000000E-24 1.000000E-24 1.000000E-24 1.000000E-24 1.000000E-24 1.000000E+00 5.762555E+01 2.648115E+01
8.115313E-10 7.140249E+00 4.591908E-01 9.306040E+02 1.082431E+00 0.000000E+00 8.864579E-01 1.000000E-24 1.000000E-24 1.000000E-24 1.000000E-24 1.000000E-24 1.000000E-24 1.000000E+00 5.771554E+01 2.650074E+01
9.168816E-10 7.180249E+00 4.588205E-01 9.306111E+02 1.108504E+00 0.000000E+00 8.649740E-01 1.000000E-24 1.000000E-24 1.000000E-24 1.000000E-24 1.000000E-24 1.000000E-24 1.000000E+00 5.780716E+01 2.652072E+01
1.036228E-09 7.220249E+00 4.584446E-01 9.306184E+02 1.135553E+00 0.000000E+00 8.442590E-01 1.000000E-24 1.000000E-24 1.000000E-24 1.000000E-24 1.000000E-24 1.000000E-24 1.000000E+00 5.790033E+01 2.654107E+01
1.171423E-09 7.260249E+00 4.580636E-01 9.306262E+02 1.163607E+00 0.000000E+00 8.242843E-01 1.000000E-24 1.000000E-24 1.000000E-24 1.000000E-24 1.000000E-24 1.000000E-24 1.000000E+00 5.799497E+01 2.656178E+01
1.324561E-09 7.300249E+00 4.576775E-01 9.306343E+02 1.192695E+00 0.000000E+00 8.050212E-01 1.000000E-24 1.000000E-24 1.000000E-24 1.000000E-24 1.000000E-24 1.000000E-24 1.000000E+00 5.809099E+01 2.658283E+01
1.498009E-09 7.340249E+00 4.572868E-01 9.306428E+02 1.222846E+00 0.000000E+00 7.864415E-01 1.000000E-24 1.000000E-24 1.000000E-24 1.000000E-24 1.000000E-24 1.000000E-24 1.000000E+00 5.818830E+01 2.660418E+01
1.694446E-09 7.380249E+00 4.568918E-01 9.306516E+02 1.254090E+00 0.000000E+00 7.685178E-01 1.000000E-24 1.000000E-24 1.000000E-24 1.000000E-24 1.000000E-24 1.000000E-24 1.000000E+00 5.828680E+01 2.662581E+01
1.916898E-09 7.420249E+00 4.564927E-01 9.306609E+02 1.286460E+00 0.000000E+00 7.512231E-01 1.000000E-24 1.000000E-24 1.000000E-24 1.000000E-24 1.000000E-24 1.000000E-24 1.000000E+00 5.838638E+01 2.664769E+01
2.168785E-09 7.460249E+00 4.560900E-01 9.306705E+02 1.319988E+00 0.000000E+00 7.345313E-01 1.000000E-24 1.000000E-24 1.000000E-24 1.000000E-24 1.000000E-24 1.000000E-24 1.000000E+00 5.848694E+01 2.666980E+01
2.453974E-09 7.500249E+00 4.556839E-01 9.306805E+02 1.354706E+00 0.000000E+00 7.184170E-01 1.000000E-24 1.000000E-24 1.000000E-24 1.000000E-24 1.000000E-24 1.000000E-24 1.000000E+00 5.858835E+01 2.669209E+01
2.776836E-09 7.540249E+00 4.552749E-01 9.306910E+02 1.390649E+00 0.000000E+00 7.028560E-01 1.000000E-24 1.000000E-24 1.000000E-24 1.000000E-24 1.000000E-24 1.000000E-24 1.000000E+00 5.869049E+01 2.671453E+01
3.142307E-09 7.580249E+00 4.548632E-01 9.307019E+02 1.427853E+00 0.000000E+00 6.878245E-01 1.000000E-24 1.000000E-24 1.000000E-24 1.000000E-24 1.000000E-24 1.000000E-24 1.000000E+00 5.879326E+01 2.673709E+01
3.555972E-09 7.620249E+00 4.544492E-01 9.307132E+02 1.466354E+00 0.000000E+00 6.733003E-01 1.000000E-24 1.000000E-24 1.000000E-24 1.000000E-24 1.000000E-24 1.000000E-24 1.000000E+00 5.889652E+01 2.675975E+01
4.024136E-09 7.660249E+00 4.540332E-01 9.307250E+02 1.506188E+00 0.000000E+00 6.592614E-01 1.000000E-24 1.000000E-24 1.000000E-24 1.000000E-24 1.000000E-24 1.000000E-24 1.000000E+00 5.900020E+01 2.678246E+01
4.553928E-09 7.700249E+00 4.536155E-01 9.307372E+02 1.547396E+00 0.000000E+00 6.456872E-01 1.000000E-24 1.000000E-24 1.000000E-24 1.000000E-24 1.000000E-24 1.000000E-24 1.000000E+00 5.910415E+01 2.680521E+01
5.153402E-09 7.740249E+00 4.531966E-01 9.307498E+02 1.590015E+00 0.000000E+00 6.325582E-01 1.000000E-24 1.000000E-24 1.000000E-24 1.000000E-24 1.000000E-24 1.000000E-24 1.000000E+00 5.920827E+01 2.682794E+01
5.831656E-09 7.780249E+00 4.527765E-01 9.307630E+02 1.634089E+00 0.000000E+00 6.198553E-01 1.000000E-24 1.000000E-24 1.000000E-24 1.000000E-24 1.000000E-24 1.000000E-24 1.000000E+00 5.931249E+01 2.685065E+01
6.598975E-09 7.820249E+00 4.523556E-01 9.307766E+02 1.679658E+00 0.000000E+00 6.075607E-01 1.000000E-24 1.000000E-24 1.000000E-24 1.000000E-24 1.000000E-24 1.000000E-24 1.000000E+00 5.941671E+01 2.687331E+01
7.466974E-09 7.860249E+00 4.519340E-01 9.307908E+02 1.726766E+00 0.000000E+00 5.956571E-01 1.000000E-24 1.000000E-24 1.000000E-24 1.000000E-24 1.000000E-24 1.000000E-24 1.000000E+00 5.952091E+01 2.689591E+01
8.448777E-09 7.900249E+00 4.515121E-01 9.308054E+02 1.775458E+00 0.000000E+00 5.841284E-01 1.000000E-24 1.000000E-24 1.000000E-24 1.000000E-24 1.000000E-24 1.000000E-24 1.000000E+00 5.962500E+01 2.691844E+01
9.559206E-09 7.940249E+00 4.510897E-01 9.308206E+02 1.825781E+00 0.000000E+00 5.729587E-01 1.000000E-24 1.000000E-24 1.000000E-24 1.000000E-24 1.000000E-24 1.000000E-24 1.000000E+00 5.972901E+01 2.694090E+01
1.081502E-08 7.980249E+00 4.506671E-01 9.308363E+02 1.877781E+00 0.000000E+00 5.621334E-01 1.000000E-24 1.000000E-24 1.000000E-24 1.000000E-24 1.000000E-24 1.000000E-24 1.000000E+00 5.983291E+01 2.696328E+01
1.223511E-08 8.020249E+00 4.502442E-01 9.308526E+02 1.931508E+00 0.000000E+00 5.516381E-01 1.000000E-24 1.000000E-24 1.000000E-24 1.000000E-24 1.000000E-24 1.000000E-24 1.000000E+00 5.993674E+01 2.698562E+01
1.384159E-08 8.060249E+00 4.498371E-01 9.308697E+02 1.987015E+00 0.000000E+00 5.414691E-01 1.000000E-24 1.000000E-24 1.000000E-24 1.000000E-24 1.000000E-24 1.000000E-24 1.000000E+00 6.004183E+01 2.700862E+01
1.565827E-08 8.100249E+00 4.494332E-01 9.308877E+02 2.044329E+00 0.000000E+00 5.315865E-01 1.000000E-24 1.000000E-24 1.000000E-24 1.000000E-24 1.000000E-24 1.000000E-24 1.000000E+00 6.015358E+01 2.703362E+01
1.771079E-08 8.140249E+00 4.490013E-01 9.309063E+02 2.103482E+00 0.000000E+00 5.219503E-01 1.000000E-24 1.000000E-24 1.000000E-24 1.000000E-24 1.000000E-24 1.000000E-24 1.000000E+00 6.027287E+01 2.706025E+01
2.002920E-08 8.180249E+00 4.485386E-01 9.309256E+02 2.164522E+00 0.000000E+00 5.125459E-01 1.000000E-24 1.000000E-24 1.000000E-24 1.000000E-24 1.000000E-24 1.000000E-24 1.000000E+00 6.040055E+01 2.708872E+01
2.264733E-08 8.220249E+00 4.480425E-01 9.309455E+02 2.227498E+00 0.000000E+00 5.033588E-01 1.000000E-24 1.000000E-24 1.000000E-24 1.000000E-24 1.000000E-24 1.000000E-24 1.000000E+00 6.053736E+01 2.711920E+01
2.560319E-08 8.260249E+00 4.475097E-01 9.309660E+02 2.292458E+00 0.000000E+00 4.943749E-01 1.000000E-24 1.000000E-24 1.000000E-24 1.000000E-24 1.000000E-24 1.000000E-24 1.000000E+00 6.068423E+01 2.715189E+01
2.893944E-08 8.300249E+00 4.469370E-01 9.309872E+02 2.359452E+00 0.000000E+00 4.855807E-01 1.000000E-24 1.000000E-24 1.000000E-24 1.000000E-24 1.000000E-24 1.000000E-24 1.000000E+00 6.084206E+01 2.718701E+01
3.270396E-08 8.340249E+00 4.463207E-01 9.310091E+02 2.428531E+00 0.000000E+00 4.769624E-01 1.000000E-24 1.000000E-24 1.000000E-24 1.000000E-24 1.000000E-24 1.000000E-24 1.000000E+00 6.101183E+01 2.722477E+01
3.695047E-08 8.380249E+00 4.456570E-01 9.310315E+02 2.499744E+00 0.000000E+00 4.685068E-01 1.000000E-24 1.000000E-24 1.000000E-24 1.000000E-24 1.000000E-24 1.000000E-24 1.000000E+00 6.119455E+01 2.726537E+01
4.173913E-08 8.420249E+00 4.449418E-01 9.310548E+02 2.573143E+00 0.000000E+00 4.602010E-01 1.000000E-24 1.000000E-24 1.000000E-24 1.000000E-24 1.000000E-24 1.000000E-24 1.000000E+00 6.139121E+01 2.730900E+01
4.713736E-08 8.460249E+00 4.441708E-01 9.310787E+02 2.648780E+00 0.000000E+00 4.520322E-01 1.000000E-24 1.000000E-24 1.000000E-24 1.000000E-24 1.000000E-24 1.000000E-24 1.000000E+00 6.160284E+01 2.735586E+01
5.322057E-08 8.500249E+00 4.433395E-01 9.311033E+02 2.726708E+00 0.000000E+00 4.439883E-01 1.000000E-24 1.000000E-24 1.000000E-24 1.000000E-24 1.000000E-24 1.000000E-24 1.000000E+00 6.183042E+01 2.740608E+01
6.007312E-08 8.540249E+00 4.424432E-01 9.311285E+02 2.806979E+00 0.000000E+00 4.360576E-01 1.000000E-24 1.000000E-24 1.000000E-24 1.000000E-24 1.000000E-24 1.000000E-24 1.000000E+00 6.207485E+01 2.745981E+01
6.778927E-08 8.580249E+00 4.414770E-01 9.311544E+02 2.889646E+00 0.000000E+00 4.282287E-01 1.000000E-24 1.000000E-24 1.000000E-24 1.000000E-24 1.000000E-24 1.000000E-24 1.000000E+00 6.233700E+01 2.751710E+01
7.647424E-08 8.620249E+00 4.404363E-01 9.311811E+02 2.974766E+00 0.000000E+00 4.204912E-01 1.000000E-24 1.000000E-24 1.000000E-24 1.000000E-24 1.000000E-24 1.000000E-24 1.000000E+00 6.261761E+01 2.757799E+01
8.632290E-08 8.660249E+00 4.395962E-01 9.312091E+02 3.062924E+00 0.000000E+00 4.133295E-01 1.000000E-24 1.000000E-24 1.000000E-24 1.000000E-24 1.000000E-24 1.000000E-24 1.000000E+00 6.283757E+01 2.762223E+01
9.748406E-08 8.700249E+00 4.389130E-01 9.312383E+02 3.154156E+00 0.000000E+00 4.066346E-01 1.000000E-24 1.000000E-24 1.000000E-24 1.000000E-24 1.000000E-24 1.000000E-24 1.000000E+00 6.301084E+01 2.765399E+01
1.100776E-07 8.740249E+00 4.382144E-01 9.312684E+02 3.248224E+00 0.000000E+00 4.000903E-01 1.000000E-24 1.000000E-24 1.000000E-24 1.000000E-24 1.000000E-24 1.000000E-24 1.000000E+00 6.318691E+01 2.768596E+01
1.242860E-07 8.780249E+00 4.375000E-01 9.312993E+02 3.345211E+00 0.000000E+00 3.936917E-01 1.000000E-24 1.000000E-24 1.000000E-24 1.000000E-24 1.000000E-24 1.000000E-24 1.000000E+00 6.336584E+01 2.771816E+01
1.403149E-07 8.820249E+00 4.367694E-01 9.313310E+02 3.445202E+00 0.000000E+00 3.874341E-01 1.000000E-24 1.000000E-24 1.000000E-24 1.000000E-24 1.000000E-24 1.000000E-24 1.000000E+00 6.354776E+01 2.775061E+01
1.583956E-07 8.860249E+00 4.360222E-01 9.313637E+02 3.548283E+00 0.000000E+00 3.813131E-01 1.000000E-24 1.000000E-24 1.000000E-24 1.000000E-24 1.000000E-24 1.000000E-24 1.000000E+00 6.373286E+01 2.778338E+01
1.787889E-07 8.900249E+00 4.352579E-01 9.313973E+02 3.654544E+00 0.000000E+00 3.753250E-01 1.000000E-24 1.000000E-24 1.000000E-24 1.000000E-24 1.000000E-24 1.000000E-24 1.000000E+00 6.392148E+01 2.781656E+01
2.017881E-07 8.940249E+00 4.344760E-01 9.314318E+02 3.764076E+00 0.000000E+00 3.694662E-01 1.000000E-24 1.000000E-24 1.000000E-24 1.000000E-24 1.000000E-24 1.000000E-24 1.000000E+00 6.411415E+01 2.785035E+01
2.277234E-07 8.980249E+00 4.336759E-01 9.314672E+02 3.876975E+00 0.000000E+00 3.637336E-01 1.000000E-24 1.000000E-24 1.000000E-24 1.000000E-24 1.000000E-24 1.000000E-24 1.000000E+00 6.431168E+01 2.788508E+01
2.569664E-07 9.020249E+00 4.328568E-01 9.315037E+02 3.993334E+00 0.000000E+00 3.581241E-01 1.000000E-24 1.000000E-24 1.000000E-24 1.000000E-24 1.000000E-24 1.000000E-24 1.000000E+00 6.451532E+01 2.792120E+01
2.899347E-07 9.060249E+00 4.320180E-01 9.315411E+02 4.113256E+00 0.000000E+00 3.526351E-01 1.000000E-24 1.000000E-24 1.000000E-24 1.000000E-24 1.000000E-24 1.000000E-24 1.000000E+00 6.472694E+01 2.795950E+01
3.270978E-07 9.100249E+00 4.311582E-01 9.315795E+02 4.236840E+00 0.000000E+00 3.472634E-01 1.000000E-24 1.000000E-24 1.000000E-24 1.000000E-24 1.000000E-24 1.000000E-24 1.000000E+00 6.494937E+01 2.800109E+01
3.689827E-07 9.140249E+00 4.302761E-01 9.316190E+02 4.364190E+00 0.000000E+00 3.420052E-01 1.000000E-24 1.000000E-24 1.000000E-24 1.000000E-24 1.000000E-24 1.000000E-24 1.000000E+00 6.518671E+01 2.804766E+01
4.155546E-07 9.180249E+00 4.290292E-01 9.316599E+02 4.493623E+00 0.000000E+00 3.343327E-01 1.000000E-24 1.000000E-24 1.000000E-24 1.000000E-24 1.000000E-24 1.000000E-24 1.000000E+00 6.643331E+01 2.849158E+01
4.674619E-07 9.220249E+00 4.275287E-01 9.317017E+02 4.625948E+00 0.000000E+00 3.248601E-01 1.000000E-24 1.000000E-24 1.000000E-24 1.000000E-24 1.000000E-24 1.000000E-24 1.000000E+00 6.841186E+01 2.922505E+01
5.255012E-07 9.260249E+00 4.258819E-01 9.317443E+02 4.761982E+00 0.000000E+00 3.144383E-01 1.000000E-24 1.000000E-24 1.000000E-24 1.000000E-24 1.000000E-24 1.000000E-24 1.000000E+00 7.076418E+01 3.010589E+01
5.902400E-07 9.300249E+00 4.240365E-01 9.317877E+02 4.901750E+00 0.000000E+00 3.029170E-01 1.000000E-24 1.000000E-24 1.000000E-24 1.000000E-24 1.000000E-24 1.000000E-24 1.000000E+00 7.352993E+01 3.114718E+01
6.621852E-07 9.340249E+00 4.219081E-01 9.318315E+02 5.045190E+00 0.000000E+00 2.901180E-01 1.000000E-24 1.000000E-24 1.000000E-24 1.000000E-24 1.000000E-24 1.000000E-24 1.000000E+00 7.676296E+01 3.236581E+01
7.412548E-07 9.380249E+00 4.190783E-01 9.318765E+02 5.190285E+00 0.000000E+00 2.774317E-01 1.000000E-24 1.000000E-24 1.000000E-24 1.000000E-24 1.000000E-24 1.000000E-24 1.000000E+00 8.008188E+01 3.355693E+01
8.286022E-07 9.420249E+00 4.155093E-01 9.319242E+02 5.335101E+00 0.000000E+00 2.702878E-01 1.000000E-24 1.000000E-24 1.000000E-24 1.000000E-24 1.000000E-24 1.000000E-24 1.000000E+00 8.181769E+01 3.398529E+01
9.281422E-07 9.460249E+00 4.125941E-01 9.319725E+02 5.487282E+00 0.000000E+00 2.640348E-01 1.000000E-24 1.000000E-24 1.000000E-24 1.000000E-24 1.000000E-24 1.000000E-24 1.000000E+00 8.320944E+01 3.432337E+01
1.041406E-06 9.500249E+00 4.102147E-01 9.320215E+02 5.646497E+00 0.000000E+00 2.583810E-01 1.000000E-24 1.000000E-24 1.000000E-24 1.000000E-24 1.000000E-24 1.000000E-24 1.000000E+00 8.434554E+01 3.459887E+01
1.174793E-06 9.540249E+00 4.094113E-01 9.320728E+02 5.817440E+00 0.000000E+00 2.547404E-01 1.000000E-24 1.000000E-24 1.000000E-24 1.000000E-24 1.000000E-24 1.000000E-24 1.000000E+00 8.443748E+01 3.457042E+01
1.325858E-06 9.580249E+00 4.087394E-01 9.321256E+02 5.994220E+00 0.000000E+00 2.514435E-01 1.000000E-24 1.000000E-24 1.000000E-24 1.000000E-24 1.000000E-24 1.000000E-24 1.000000E+00 8.439933E+01 3.449888E+01
1.496237E-06 9.620249E+00 4.080479E-01 9.321799E+02 6.176346E+00 0.000000E+00 2.482823E-01 1.000000E-24 1.000000E-24 1.000000E-24 1.000000E-24 1.000000E-24 1.000000E-24 1.000000E+00 8.433937E+01 3.441678E+01
1.688377E-06 9.660249E+00 4.073360E-01 9.322358E+02 6.363965E+00 0.000000E+00 2.452378E-01 1.000000E-24 1.000000E-24 1.000000E-24 1.000000E-24 1.000000E-24 1.000000E-24 1.000000E+00 8.426285E+01 3.432617E+01
1.905033E-06 9.700249E+00 4.066028E-01 9.322931E+02 6.557231E+00 0.000000E+00 2.422940E-01 1.000000E-24 1.000000E-24 1.000000E-24 1.000000E-24 1.000000E-24 1.000000E-24 1.000000E+00 8.417378E+01 3.422864E+01
2.149305E-06 9.740249E+00 4.058476E-01 9.323519E+02 6.756300E+00 0.000000E+00 2.394377E-01 1.000000E-24 1.000000E-24 1.000000E-24 1.000000E-24 1.000000E-24 1.000000E-24 1.000000E+00 8.407516E+01 3.412534E+01
2.424682E-06 9.780249E+00 4.050694E-01 9.324123E+02 6.961334E+00 0.000000E+00 2.366582E-01 1.000000E-24 1.000000E-24 1.000000E-24 1.000000E-24 1.000000E-24 1.000000E-24 1.000000E+00 8.396916E+01 3.401709E+01
2.735088E-06 9.820249E+00 4.042676E-01 9.324743E+02 7.172498E+00 0.000000E+00 2.339470E-01 1.000000E-24 1.000000E-24 1.000000E-24 1.000000E-24 1.000000E-24 1.000000E-24 1.000000E+00 8.385728E+01 3.390445E+01
3.084940E-06 9.860249E+00 4.034413E-01 9.325379E+02 7.389962E+00 0.000000E+00 2.312973E-01 1.000000E-24 1.000000E-24 1.000000E-24 1.000000E-24 1.000000E-24 1.000000E-24 1.000000E+00 8.374053E+01 3.378777E+01
3.479202E-06 9.900249E+00 4.025898E-01 9.326032E+02 7.613898E+00 0.000000E+00 2.287036E-01 1.000000E-24 1.000000E-24 1.000000E-24 1.000000E-24 1.000000E-24 1.000000E-24 1.000000E+00 8.361957E+01 3.366726E+01
3.923459E-06 9.940249E+00 4.017123E-01 9.326702E+02 7.844484E+00 0.000000E+00 2.261618E-01 1.000000E-24 1.000000E-24 1.000000E-24 1.000000E-24 1.000000E-24 1.000000E-24 1.000000E+00 8.349476E+01 3.354299E+01
4.423986E-06 9.980249E+00 4.008081E-01 9.327389E+02 8.081903E+00 0.000000E+00 2.236686E-01 1.000000E-24 1.000000E-24 1.000000E-24 1.000000E-24 1.000000E-24 1.000000E-24 1.000000E+00 8.336632E+01 3.341501E+01
4.987939E-06 1.002025E+01 3.998822E-01 9.328095E+02 8.326405E+00 0.000000E+00 2.211147E-01 5.723170E-24 1.000000E-24 1.000000E-24 1.000000E-24 1.000000E-24 1.000000E-24 1.000000E+00 8.323751E+01 3.328534E+01
5.623938E-06 1.006025E+01 3.989672E-01 9.328831E+02 8.578597E+00 0.000000E+00 2.178988E-01 4.020785E-23 1.000000E-24 1.000000E-24 1.000000E-24 1.000000E-24 1.000000E-24 1.000000E+00 8.312557E+01 3.316557E+01
6.340360E-06 1.010025E+01 3.980243E-01 9.329586E+02 8.838246E+00 0.000000E+00 2.147274E-01 7.210173E-23 1.000000E-24 1.000000E-24 1.000000E-24 1.000000E-24 1.000000E-24 1.000000E+00 8.300858E+01 3.304149E+01
7.147271E-06 1.014025E+01 3.970527E-01 9.330360E+02 9.105555E+00 0.000000E+00 2.115984E-01 1.016666E-22 1.000000E-24 1.000000E-24 1.000000E-24 1.000000E-24 1.000000E-24 1.000000E+00 8.288649E+01 3.291302E+01
8.055975E-06 1.018025E+01 3.960516E-01 9.331152E+02 9.380727E+00 0.000000E+00 2.085099E-01 1.291468E-22 1.000000E-24 1.000000E-24 1.000000E-24 1.000000E-24 1.000000E-24 1.000000E+00 8.275922E+01 3.278005E+01
9.079167E-06 1.022025E+01 3.950201E-01 9.331965E+02 9.663974E+00 0.000000E+00 2.054598E-01 1.547636E-22 1.000000E-24 1.000000E-24 1.000000E-24 1.000000E-24 1.000000E-24 1.000000E+00 8.262673E+01 3.264251E+01
1.023111E-05 1.026025E+01 3.939573E-01 9.332797E+02 9.955507E+00 0.000000E+00 2.024460E-01 1.787246E-22 1.000000E-24 1.000000E-24 1.000000E-24 1.000000E-24 1.000000E-24 1.000000E+00 8.248895E+01 3.250027E+01
1.152778E-05 1.030025E+01 3.928623E-01 9.333649E+02 1.025555E+01 0.000000E+00 1.994663E-01 2.012282E-22 1.000000E-24 1.000000E-24 1.000000E-24 1.000000E-24 1.000000E-24 1.000000E+00 8.234581E+01 3.235327E+01
1.298718E-05 1.034025E+01 3.917343E-01 9.334521E+02 1.056431E+01 0.000000E+00 1.965185E-01 2.224506E-22 1.000000E-24 1.000000E-24 1.000000E-24 1.000000E-24 1.000000E-24 1.000000E+00 8.219727E+01 3.220139E+01
1.462942E-05 1.038025E+01 3.905722E-01 9.335414E+02 1.088203E+01 0.000000E+00 1.936004E-01 2.425641E-22 1.000000E-24 1.000000E-24 1.000000E-24 1.000000E-24 1.000000E-24 1.000000E+00 8.204324E+01 3.204453E+01
1.632788E-05 1.042025E+01 3.866120E-01 9.336352E+02 1.118286E+01 0.000000E+00 1.938942E-01 5.425376E-22 1.000000E-24 1.000000E-24 1.000000E-24 1.000000E-24 1.000000E-24 1.000000E+00 8.151883E+01 3.151912E+01
1.805886E-05 1.046025E+01 3.800079E-01 9.337308E+02 1.146453E+01 0.000000E+00 1.972313E-01 1.073725E-21 1.000000E-24 1.000000E-24 1.000000E-24 1.000000E-24 1.000000E-24 1.000000E+00 8.064517E+01 3.064581E+01
2.027035E-05 1.050025E+01 3.778326E-01 9.338288E+02 1.179899E+01 0.000000E+00 1.954425E-01 4.596589E-20 1.000000E-24 1.000000E-24 1.000000E-24 1.000000E-24 1.000000E-24 1.000000E+00 8.036560E+01 3.036693E+01
2.274692E-05 1.054025E+01 3.756007E-01 9.339283E+02 1.214234E+01 0.000000E+00 1.936824E-01 8.820462E-20 1.000000E-24 1.000000E-24 1.000000E-24 1.000000E-24 1.000000E-24 1.000000E+00 8.007901E+01 3.008090E+01
2.551892E-05 1.058025E+01 3.733053E-01 9.340294E+02 1.249469E+01 0.000000E+00 1.919563E-01 1.280395E-19 1.000000E-24 1.000000E-24 1.000000E-24 1.000000E-24 1.000000E-24 1.000000E+00 7.978445E+01 2.978680E+01
2.862039E-05 1.062025E+01 3.709450E-01 9.341320E+02 1.285618E+01 0.000000E+00 1.902633E-01 1.657547E-19 1.000000E-24 1.000000E-24 1.000000E-24 1.000000E-24 1.000000E-24 1.000000E+00 7.948175E+01 2.948445E+01
3.159261E-05 1.066025E+01 3.640579E-01 9.342369E+02 1.317424E+01 0.000000E+00 1.862760E-01 3.498268E-19 1.000000E-24 1.000000E-24 1.000000E-24 1.000000E-24 1.000000E-24 1.000000E+00 7.862548E+01 2.862721E+01
3.515688E-05 1.070025E+01 3.596211E-01 9.343438E+02 1.352804E+01 0.000000E+00 1.826598E-01 1.368190E-11 1.000000E-24 1.000000E-24 1.000000E-24 1.000000E-24 1.000000E-24 1.000000E+00 7.846665E+01 2.821496E+01
3.964110E-05 1.074025E+01 3.589427E-01 9.344555E+02 1.393934E+01 0.000000E+00 1.801538E-01 2.672596E-11 1.000000E-24 1.000000E-24 1.000000E-24 1.000000E-24 1.000000E-24 1.000000E+00 7.925989E+01 2.843960E+01
4.468586E-05 1.078025E+01 3.582230E-01 9.345700E+02 1.436250E+01 0.000000E+00 1.773338E-01 3.133234E-11 1.000000E-24 1.000000E-24 1.000000E-24 1.000000E-24 1.000000E-24 1.000000E+00 8.028852E+01 2.874339E+01
5.036024E-05 1.082025E+01 3.574583E-01 9.346874E+02 1.479799E+01 0.000000E+00 1.742171E-01 3.111604E-11 1.000000E-24 1.000000E-24 1.000000E-24 1.000000E-24 1.000000E-24 1.000000E+00 8.149702E+01 2.910663E+01
5.674148E-05 1.086025E+01 3.566444E-01 9.348078E+02 1.524624E+01 0.000000E+00 1.708825E-01 2.835875E-11 1.000000E-24 1.000000E-24 1.000000E-24 1.000000E-24 1.000000E-24 1.000000E+00 8.283046E+01 2.950975E+01
6.391549E-05 1.090025E+01 3.557769E-01 9.349312E+02 1.570766E+01 0.000000E+00 1.674196E-01 2.447398E-11 1.000000E-24 1.000000E-24 1.000000E-24 1.000000E-24 1.000000E-24 1.000000E+00 8.425351E+01 2.994004E+01
7.197750E-05 1.094025E+01 3.548505E-01 9.350575E+02 1.618263E+01 0.000000E+00 1.638977E-01 2.031029E-11 1.000000E-24 1.000000E-24 1.000000E-24 1.000000E-24 1.000000E-24 1.000000E+00 8.575286E+01 3.039244E+01
8.103284E-05 1.098025E+01 3.538596E-01 9.351868E+02 1.667150E+01 0.000000E+00 1.603584E-01 1.634890E-11 1.000000E-24 1.000000E-24 1.000000E-24 1.000000E-24 1.000000E-24 1.000000E+00 8.733277E+01 3.086799E+01
9.119747E-05 1.102025E+01 3.527976E-01 9.353189E+02 1.717462E+01 0.000000E+00 1.568279E-01 1.283366E-11 1.000000E-24 1.000000E-24 1.000000E-24 1.000000E-24 1.000000E-24 1.000000E+00 8.901692E+01 3.137448E+01
1.025967E-04 1.106025E+01 3.516576E-01 9.354540E+02 1.769235E+01 0.000000E+00 1.533369E-01 9.860033E-12 1.000000E-24 1.000000E-24 1.000000E-24 1.000000E-24 1.000000E-24 1.000000E+00 9.089280E+01 3.194198E+01
1.153522E-04 1.110025E+01 3.504330E-01 9.355918E+02 1.822510E+01 0.000000E+00 1.498426E-01 7.436442E-12 1.000000E-24 1.000000E-24 1.000000E-24 1.000000E-24 1.000000E-24 1.000000E+00 9.338005E+01 3.271685E+01
1.243401E-04 1.114025E+01 3.399242E-01 9.357284E+02 1.860448E+01 0.000000E+00 1.213812E-01 4.669461E-11 1.000000E-24 1.000000E-24 1.000000E-24 1.000000E-24 1.000000E-24 1.000000E+00 1.203291E+02 4.090263E+01
1.389687E-04 1.118025E+01 3.369908E-01 9.358709E+02 1.912871E+01 0.000000E+00 1.192529E-01 1.431891E-09 1.000000E-24 1.000000E-24 1.000000E-24 1.000000E-24 1.000000E-24 1.000000E+00 1.221928E+02 4.117728E+01
1.555021E-04 1.122025E+01 3.343255E-01 9.360145E+02 1.967320E+01 0.000000E+00 1.174633E-01 2.663600E-09 1.000000E-24 1.000000E-24 1.000000E-24 1.000000E-24 1.000000E-24 1.000000E+00 1.229792E+02 4.111843E+01
1.740620E-04 1.126025E+01 3.317070E-01 9.361595E+02 2.023295E+01 0.000000E+00 1.164772E-01 3.856732E-09 1.000000E-24 1.000000E-24 1.000000E-24 1.000000E-24 1.000000E-24 1.000000E+00 1.226936E+02 4.070084E+01
1.948121E-04 1.130025E+01 3.290640E-01 9.363081E+02 2.080767E+01 0.000000E+00 1.157120E-01 3.228102E-07 1.000000E-24 1.000000E-24 1.000000E-24 1.000000E-24 1.000000E-24 9.999997E-01 1.222197E+02 4.021962E+01
2.180093E-04 1.134025E+01 3.264053E-01 9.364618E+02 2.139857E+01 0.000000E+00 1.149784E-01 1.213093E-06 1.000000E-24 1.000000E-24 1.000000E-24 1.000000E-24 1.000000E-24 9.999988E-01 1.217412E+02 3.974115E+01
2.438743E-04 1.138025E+01 3.236762E-01 9.366170E+02 2.200373E+01 0.000000E+00 1.142706E-01 2.112223E-06 1.000000E-24 1.000000E-24 1.000000E-24 1.000000E-24 1.000000E-24 9.999979E-01 1.212500E+02 3.925000E+01
2.726983E-04 1.142025E+01 3.208755E-01 9.367736E+02 2.262326E+01 0.000000E+00 1.135884E-01 3.027045E-06 1.000000E-24 1.000000E-24 1.000000E-24 1.000000E-24 1.000000E-24 9.999970E-01 1.207460E+02 3.874597E+01
3.050736E-04 1.146025E+01 3.182095E-01 9.369358E+02 2.326345E+01 0.000000E+00 1.169592E-01 7.680292E-04 1.000000E-24 1.000000E-24 1.000000E-24 1.000000E-24 1.000000E-24 9.992320E-01 1.203166E+02 3.831659E+01
3.412931E-04 1.150025E+01 3.155663E-01 9.371018E+02 2.392201E+01 0.000000E+00 1.220239E-01 1.878611E-03 1.000000E-24 1.000000E-24 1.000000E-24 1.000000E-24 1.000000E-24 9.981214E-01 1.199143E+02 3.791430E+01
3.816581E-04 1.154025E+01 3.128531E-01 9.372692E+02 2.459656E+01 0.000000E+00 1.269980E-01 3.003261E-03 1.000000E-24 1.000000E-24 1.000000E-24 1.000000E-24 1.000000E-24 9.969967E-01 1.195005E+02 3.750054E+01
4.266169E-04 1.158025E+01 3.100686E-01 9.374379E+02 2.528725E+01 0.000000E+00 1.319086E-01 4.149465E-03 1.000000E-24 1.000000E-24 1.000000E-24 1.000000E-24 1.000000E-24 9.958505E-01 1.190754E+02 3.707547E+01
4.634481E-04 1.162025E+01 3.005129E-01 9.376115E+02 2.580472E+01 0.000000E+00 1.642750E-01 1.607232E-02 1.000000E-24 1.000000E-24 1.000000E-24 1.000000E-24 1.000000E-24 9.839277E-01 1.180571E+02 3.605707E+01
5.001861E-04 1.166025E+01 2.897141E-01 9.377870E+02 2.628646E+01 0.000000E+00 2.320742E-01 5.038180E-02 1.000000E-24 1.000000E-24 1.000000E-24 1.000000E-24 1.000000E-24 9.496182E-01 1.180000E+02 3.600001E+01
5.294759E-04 1.170025E+01 2.749054E-01 9.379577E+02 2.663593E+01 0.000000E+00 2.874187E-01 9.892114E-02 1.000000E-24 1.000000E-24 1.000000E-24 1.000000E-24 1.000000E-24 9.010789E-01 1.180000E+02 3.600000E+01
5.559528E-04 1.174025E+01 2.589817E-01 9.381190E+02 2.692535E+01 0.000000E+00 3.225981E-01 1.511156E-01 1.000000E-24 1.000000E-24 1.000000E-24 1.000000E-24 1.000000E-24 8.488844E-01 1.180000E+02 3.599999E+01
5.817000E-04 1.178025E+01 2.429779E-01 9.382722E+02 2.718061E+01 0.000000E+00 3.408124E-01 2.035695E-01 1.000000E-24 1.000000E-24 1.000000E-24 1.000000E-24 1.000000E-24 7.964305E-01 1.179998E+02 3.599980E+01
6.082327E-04 1.182025E+01 2.275302E-01 9.384170E+02 2.742090E+01 0.000000E+00 3.480950E-01 2.541455E-01 1.000000E-24 1.000000E-24 1.000000E-24 1.000000E-24 1.000000E-24 7.458545E-01 1.179957E+02 3.599568E+01
6.361540E-04 1.186025E+01 2.127799E-01 9.385545E+02 2.765091E+01 0.000000E+00 3.484169E-01 3.016036E-01 1.000000E-24 1.000000E-24 1.000000E-24 1.000000E-24 1.000000E-24 6.983964E-01 1.179289E+02 3.592886E+01
6.642492E-04 1.190025E+01 1.985004E-01 9.386851E+02 2.785990E+01 0.000000E+00 3.447351E-01 3.410665E-01 1.000000E-24 1.000000E-24 1.000000E-24 1.000000E-24 1.000000E-24 6.589335E-01 1.173490E+02 3.534898E+01
6.932277E-04 1.194025E+01 1.848763E-01 9.388090E+02 2.805526E+01 0.000000E+00 3.338891E-01 3.733953E-01 1.000000E-24 1.000000E-24 1.000000E-24 1.000000E-24 1.000000E-24 6.266047E-01 1.163155E+02 3.431550E+01
7.288757E-04 1.198025E+01 1.727655E-01 9.389267E+02 2.828451E+01 0.000000E+00 3.218650E-01 4.108318E-01 1.000000E-24 1.000000E-24 1.000000E-24 1.000000E-24 1.000000E-24 5.891682E-01 1.160213E+02 3.402133E+01
7.699323E-04 1.202025E+01 1.616655E-01 9.390399E+02 2.852784E+01 0.000000E+00 3.104739E-01 4.484458E-01 1.000000E-24 1.000000E-24 1.000000E-24 1.000000E-24 1.000000E-24 5.515542E-01 1.160009E+02 3.400088E+01
8.157846E-04 1.206025E+01 1.513164E-01 9.391491E+02 2.877557E+01 0.000000E+00 2.984725E-01 4.837444E-01 1.000000E-24 1.000000E-24 1.000000E-24 1.000000E-24 1.000000E-24 5.162556E-01 1.160000E+02 3.400003E+01
8.670497E-04 1.210025E+01 1.416641E-01 9.392549E+02 2.902780E+01 0.000000E+00 2.860098E-01 5.166753E-01 1.000000E-24 1.000000E-24 1.000000E-24 1.000000E-24 1.000000E-24 4.833247E-01 1.160000E+02 3.400000E+01
9.244978E-04 1.214025E+01 1.326681E-01 9.393577E+02 2.928522E+01 0.000000E+00 2.733585E-01 5.473677E-01 1.000000E-24 1.000000E-24 1.000000E-24 1.000000E-24 1.000000E-24 4.526323E-01 1.160000E+02 3.400000E+01
9.889518E-04 1.218025E+01 1.242881E-01 9.394578E+02 2.954847E+01 0.000000E+00 2.607237E-01 5.759580E-01 1.000000E-24 1.000000E-24 1.000000E-24 1.000000E-24 1.000000E-24 4.240420E-01 1.160000E+02 3.399999E+01
1.061279E-03 1.222025E+01 1.164855E-01 9.395553E+02 2.981819E+01 0.000000E+00 2.482529E-01 6.025783E-01 1.000000E-24 1.000000E-24 1.000000E-24 1.000000E-24 1.000000E-24 3.974217E-01 1.160000E+02 3.399995E+01
1.142366E-03 1.226025E+01 1.092231E-01 9.396501E+02 3.009500E+01 0.000000E+00 2.360557E-01 6.273543E-01 1.000000E-24 1.000000E-24 1.000000E-24 1.000000E-24 1.000000E-24 3.726457E-01 1.159997E+02 3.399972E+01
1.234036E-03 1.230025E+01 1.024507E-01 9.397448E+02 3.037804E+01 0.000000E+00 2.241928E-01 6.504488E-01 1.000000E-24 1.000000E-24 1.000000E-24 1.000000E-24 1.000000E-24 3.495512E-01 1.159981E+02 3.399812E+01
1.337068E-03 1.234025E+01 9.614154E-02 9.398380E+02 3.066830E+01 0.000000E+00 2.128474E-01 6.719015E-01 1.000000E-24 1.000000E-24 1.000000E-24 1.000000E-24 1.000000E-24 3.280985E-01 1.159870E+02 3.398702E+01
1.451962E-03 1.238025E+01 9.025867E-02 9.399286E+02 3.096577E+01 0.000000E+00 2.023990E-01 6.915820E-01 1.000000E-24 1.000000E-24 1.000000E-24 1.000000E-24 1.000000E-24 3.084180E-01 1.159256E+02 3.392558E+01
1.580758E-03 1.242025E+01 8.473172E-02 9.400213E+02 3.126408E+01 0.000000E+00 1.931340E-01 7.086972E-01 1.000000E-24 1.000000E-24 1.000000E-24 1.000000E-24 1.000000E-24 2.913028E-01 1.156280E+02 3.362799E+01
1.722820E-03 1.246025E+01 7.955972E-02 9.401106E+02 3.157035E+01 0.000000E+00 1.833177E-01 7.238919E-01 1.000000E-24 1.000000E-24 1.000000E-24 1.000000E-24 1.000000E-24 2.761081E-01 1.151916E+02 3.319166E+01
1.887513E-03 1.250025E+01 7.480824E-02 9.402023E+02 3.189299E+01 0.000000E+00 1.728958E-01 7.394916E-01 1.000000E-24 1.000000E-24 1.000000E-24 1.000000E-24 1.000000E-24 2.605084E-01 1.150321E+02 3.303203E+01
2.072347E-03 1.254025E+01 7.041050E-02 9.402911E+02 3.223001E+01 0.000000E+00 1.632743E-01 7.546472E-01 1.000000E-24 1.000000E-24 1.000000E-24 1.000000E-24 1.000000E-24 2.453528E-01 1.150032E+02 3.300319E+01
2.282841E-03 1.258025E+01 6.629446E-02 9.403834E+02 3.257411E+01 0.000000E+00 1.542524E-01 7.689759E-01 1.000000E-24 1.000000E-24 1.000000E-24 1.000000E-24 1.000000E-24 2.310241E-01 1.150004E+02 3.300038E+01
2.518184E-03 1.262025E+01 6.245470E-02 9.404742E+02 3.292816E+01 0.000000E+00 1.457067E-01 7.823551E-01 1.000000E-24 1.000000E-24 1.000000E-24 1.000000E-24 1.000000E-24 2.176449E-01 1.150000E+02 3.300004E+01
2.782606E-03 1.266025E+01 5.886374E-02 9.405654E+02 3.329103E+01 0.000000E+00 1.375887E-01 7.948688E-01 1.000000E-24 1.000000E-24 1.000000E-24 1.000000E-24 1.000000E-24 2.051312E-01 1.150000E+02 3.300000E+01
3.082036E-03 1.270025E+01 5.549509E-02 9.406597E+02 3.366110E+01 0.000000E+00 1.298658E-01 8.066080E-01 1.000000E-24 1.000000E-24 1.000000E-24 1.000000E-24 1.000000E-24 1.933920E-01 1.150000E+02 3.300000E+01
3.416751E-03 1.274025E+01 5.234916E-02 9.407528E+02 3.404178E+01 0.000000E+00 1.225503E-01 8.175711E-01 1.000000E-24 1.000000E-24 1.000000E-24 1.000000E-24 1.000000E-24 1.824289E-01 1.150000E+02 3.300000E+01
3.792662E-03 1.278025E+01 4.940502E-02 9.408463E+02 3.443222E+01 0.000000E+00 1.156176E-01 8.278310E-01 1.000000E-24 1.000000E-24 1.000000E-24 1.000000E-24 1.000000E-24 1.721690E-01 1.150000E+02 3.300000E+01
4.220136E-03 1.282025E+01 4.663671E-02 9.409447E+02 3.482968E+01 0.000000E+00 1.090311E-01 8.374782E-01 1.000000E-24 1.000000E-24 1.000000E-24 1.000000E-24 1.000000E-24 1.625218E-01 1.150000E+02 3.300000E+01
4.699826E-03 1.286025E+01 4.405058E-02 9.410428E+02 3.523895E+01 0.000000E+00 1.028039E-01 8.464904E-01 1.000000E-24 1.000000E-24 1.000000E-24 1.000000E-24 1.000000E-24 1.535096E-01 1.150000E+02 3.300000E+01
5.239009E-03 1.290025E+01 4.163516E-02 9.411408E+02 3.566083E+01 0.000000E+00 9.691890E-02 8.549078E-01 1.000000E-24 1.000000E-24 1.000000E-24 1.000000E-24 1.000000E-24 1.450922E-01 1.150000E+02 3.300000E+01
5.849565E-03 1.294025E+01 3.937460E-02 9.412409E+02 3.609461E+01 0.000000E+00 9.135109E-02 8.627855E-01 1.000000E-24 1.000000E-24 1.000000E-24 1.000000E-24 1.000000E-24 1.372145E-01 1.150000E+02 3.300000E+01
6.548439E-03 1.298025E+01 3.725323E-02 9.413465E+02 3.653905E+01 0.000000E+00 8.607345E-02 8.701781E-01 1.000000E-24 1.000000E-24 1.000000E-24 1.000000E-24 1.000000E-24 1.298219E-01 1.150000E+02 3.300000E+01
7.341865E-03 1.302025E+01 3.527926E-02 9.414528E+02 3.700054E+01 0.000000E+00 8.109361E-02 8.770571E-01 1.000000E-24 1.000000E-24 1.000000E-24 1.000000E-24 1.000000E-24 1.229429E-01 1.150000E+02 3.300000E+01
8.246685E-03 1.306025E+01 3.344631E-02 9.415605E+02 3.748147E+01 0.000000E+00 7.639680E-02 8.834447E-01 1.000000E-24 1.000000E-24 1.000000E-24 1.000000E-24 1.000000E-24 1.165553E-01 1.150000E+02 3.300000E+01
9.284098E-03 1.310025E+01 3.174926E-02 9.416698E+02 3.798487E+01 0.000000E+00 7.196901E-02 8.893586E-01 1.000000E-24 1.000000E-24 1.000000E-24 1.000000E-24 1.000000E-24 1.106414E-01 1.150000E+02 3.300000E+01
1.048100E-02 1.314025E+01 3.018418E-02 9.417813E+02 3.851455E+01 0.000000E+00 6.779697E-02 8.948127E-01 1.000000E-24 1.000000E-24 1.000000E-24 1.000000E-24 1.000000E-24 1.051873E-01 1.150000E+02 3.300000E+01
1.188868E-02 1.318025E+01 2.873403E-02 9.419011E+02 3.906875E+01 0.000000E+00 6.384749E-02 8.998662E-01 1.000000E-24 1.000000E-24 1.000000E-24 1.000000E-24 1.000000E-24 1.001338E-01 1.150000E+02 3.300000E+01
1.354009E-02 1.322025E+01 2.741161E-02 9.420251E+02 3.965894E+01 0.000000E+00 6.012904E-02 9.044746E-01 1.000000E-24 1.000000E-24 1.000000E-24 1.000000E-24 1.000000E-24 9.552534E-02 1.150000E+02 3.300000E+01
1.549001E-02 1.326025E+01 2.621783E-02 9.421533E+02 4.029279E+01 0.000000E+00 5.663337E-02 9.086348E-01 1.000000E-24 1.000000E-24 1.000000E-24 1.000000E-24 1.000000E-24 9.136520E-02 1.150000E+02 3.300000E+01
1.781133E-02 1.330025E+01 2.515237E-02 9.422866E+02 4.097827E+01 0.000000E+00 5.334974E-02 9.123478E-01 1.000000E-24 1.000000E-24 1.000000E-24 1.000000E-24 1.000000E-24 8.765222E-02 1.150000E+02 3.300000E+01
2.059715E-02 1.334025E+01 2.421572E-02 9.424263E+02 4.172457E+01 0.000000E+00 5.026808E-02 9.156118E-01 1.000000E-24 1.000000E-24 1.000000E-24 1.000000E-24 1.000000E-24 8.438814E-02 1.150000E+02 3.300000E+01
2.396586E-02 1.338025E+01 2.340903E-02 9.425737E+02 4.254214E+01 0.000000E+00 4.737891E-02 9.184230E-01 1.000000E-24 1.000000E-24 1.000000E-24 1.000000E-24 1.000000E-24 8.157694E-02 1.150000E+02 3.300000E+01
2.806704E-02 1.342025E+01 2.273403E-02 9.427304E+02 4.344259E+01 0.000000E+00 4.467324E-02 9.207753E-01 1.000000E-24 1.000000E-24 1.000000E-24 1.000000E-24 1.000000E-24 7.922468E-02 1.150000E+02 3.300000E+01
3.308824E-02 1.346025E+01 2.219284E-02 9.428984E+02 4.443854E+01 0.000000E+00 4.214256E-02 9.226613E-01 1.000000E-24 1.000000E-24 1.000000E-24 1.000000E-24 1.000000E-24 7.733868E-02 1.150000E+02 3.300000E+01
3.926213E-02 1.350025E+01 2.178764E-02 9.430798E+02 4.554327E+01 0.000000E+00 3.977870E-02 9.240733E-01 1.000000E-24 1.000000E-24 1.000000E-24 1.000000E-24 1.000000E-24 7.592664E-02 1.150000E+02 3.300000E+01
4.687385E-02 1.354025E+01 2.152044E-02 9.432769E+02 4.677026E+01 0.000000E+00 3.757380E-02 9.250045E-01 1.000000E-24 1.000000E-24 1.000000E-24 1.000000E-24 1.000000E-24 7.499549E-02 1.150000E+02 3.300000E+01
5.626760E-02 1.358025E+01 2.139243E-02 9.434927E+02 4.813245E+01 0.000000E+00 3.552006E-02 9.254506E-01 1.000000E-24 1.000000E-24 1.000000E-24 1.000000E-24 1.000000E-24 7.454938E-02 1.150000E+02 3.300000E+01
6.785118E-02 1.362025E+01 2.140327E-02 9.437297E+02 4.964130E+01 0.000000E+00 3.360965E-02 9.254128E-01 1.000000E-24 1.000000E-24 1.000000E-24 1.000000E-24 1.000000E-24 7.458715E-02 1.150000E+02 3.300000E+01
8.209702E-02 1.366025E+01 2.155003E-02 9.439914E+02 5.130554E+01 0.000000E+00 3.183438E-02 9.249014E-01 1.000000E-24 1.000000E-24 1.000000E-24 1.000000E-24 1.000000E-24 7.509858E-02 1.150000E+02 3.300000E+01
9.953682E-02 1.370025E+01 2.182585E-02 9.442806E+02 5.312969E+01 0.000000E+00 3.018547E-02 9.239402E-01 1.000000E-24 1.000000E-24 1.000000E-24 1.000000E-24 1.000000E-24 7.605978E-02 1.150000E+02 3.300000E+01
1.207468E-01 1.374025E+01 2.221813E-02 9.446008E+02 5.511223E+01 0.000000E+00 2.865315E-02 9.225731E-01 1.000000E-24 1.000000E-24 1.000000E-24 1.000000E-24 1.000000E-24 7.742684E-02 1.150000E+02 3.300000E+01
1.463187E-01 1.378025E+01 2.270648E-02 9.449550E+02 5.724366E+01 0.000000E+00 2.722625E-02 9.208713E-01 1.000000E-24 1.000000E-24 1.000000E-24 1.000000E-24 1.000000E-24 7.912864E-02 1.150000E+02 3.300000E+01
1.768101E-01 1.382025E+01 2.326017E-02 9.453457E+02 5.950414E+01 0.000000E+00 2.589178E-02 9.189418E-01 1.000000E-24 1.000000E-24 1.000000E-24 1.000000E-24 1.000000E-24 8.105820E-02 1.150000E+02 3.300000E+01
2.126658E-01 1.386025E+01 2.383582E-02 9.457750E+02 6.186120E+01 0.000000E+00 2.463458E-02 9.169357E-01 6.417518E-18 1.000000E-24 1.000000E-24 1.000000E-24 1.000000E-24 8.306424E-02 1.150000E+02 3.300000E+01
2.468044E-01 1.390025E+01 2.418886E-02 9.462466E+02 6.410311E+01 0.000000E+00 2.332108E-02 9.282562E-01 5.050881E-03 1.000000E-24 1.000000E-24 1.000000E-24 1.000000E-24 6.669299E-02 1.150000E+02 3.300000E+01
2.676187E-01 1.394025E+01 2.503343E-02 9.467172E+02 6.686204E+01 0.000000E+00 2.156260E-02 9.604620E-01 1.919623E-02 1.000000E-24 1.000000E-24 1.000000E-24 1.000000E-24 2.034177E-02 5.788445E+01 1.661032E+01
2.961513E-01 1.398025E+01 2.706634E-02 9.471779E+02 7.076436E+01 0.000000E+00 2.000727E-02 9.729337E-01 2.706634E-02 1.000000E-24 1.000000E-24 1.000000E-24 1.000000E-24 1.000000E-24 1.000000E-24 1.000000E-24
3.297598E-01 1.402025E+01 2.997048E-02 9.476450E+02 7.549206E+01 0.000000E+00 1.883848E-02 9.700295E-01 2.997048E-02 1.000000E-24 1.000000E-24 1.000000E-24 1.000000E-24 1.000000E-24 1.000000E-24 1.000000E-24
3.600743E-01 1.406025E+01 3.290645E-02 9.481361E+02 8.030870E+01 0.000000E+00 1.769264E-02 9.670936E-01 3.290645E-02 1.000000E-24 1.000000E-24 1.000000E-24 1.000000E-24 1.000000E-24 1.000000E-24 1.000000E-24
3.838731E-01 1.410025E+01 3.575109E-02 9.486114E+02 8.513295E+01 0.000000E+00 1.659842E-02 9.642489E-01 3.575109E-02 1.000000E-24 1.000000E-24 1.000000E-24 1.000000E-24 1.000000E-24 1.000000E-24 1.000000E-24
3.993425E-01 1.414025E+01 3.838657E-02 9.490604E+02 8.989321E+01 0.000000E+00 1.554961E-02 9.616134E-01 3.838657E-02 1.000000E-24 1.000000E-24 1.000000E-24 1.000000E-24 1.000000E-24 1.000000E-24 1.000000E-24
4.071023E-01 1.418025E+01 4.069272E-02 9.494833E+02 9.451601E+01 0.000000E+00 1.453711E-02 9.593073E-01 4.069272E-02 1.000000E-24 1.000000E-24 1.000000E-24 1.000000E-24 1.000000E-24 1.000000E-24 1.000000E-24
4.120858E-01 1.422025E+01 4.255534E-02 9.498845E+02 9.892755E+01 0.000000E+00 1.355559E-02 9.574447E-01 4.255534E-02 1.000000E-24 1.000000E-24 1.000000E-24 1.000000E-24 1.000000E-24 1.000000E-24 1.000000E-24
4.253387E-01 1.426025E+01 4.386647E-02 9.502539E+02 1.030488E+02 0.000000E+00 1.261223E-02 9.561335E-01 4.386647E-02 1.000000E-24 1.000000E-24 1.000000E-24 1.000000E-24 1.000000E-24 1.000000E-24 1.000000E-24
4.686566E-01 1.430025E+01 4.458308E-02 9.506098E+02 1.068370E+02 0.000000E+00 1.170702E-02 9.554169E-01 4.458308E-02 1.000000E-24 1.000000E-24 1.000000E-24 1.000000E-24 1.000000E-24 1.000000E-24 1.000000E-24
5.765907E-01 1.434025E+01 4.473647E-02 9.509863E+02 1.102940E+02 0.000000E+00 1.084189E-02 9.552635E-01 4.473647E-02 1.000000E-24 1.000000E-24 1.000000E-24 1.000000E-24 1.000000E-24 1.000000E-24 1.000000E-24
7.975613E-01 1.438025E+01 4.443971E-02 9.514358E+02 1.134806E+02 0.000000E+00 1.002008E-02 9.555603E-01 4.443971E-02 1.000000E-24 1.000000E-24 1.000000E-24 1.000000E-24 1.000000E-24 1.000000E-24 1.000000E-24
1.193321E+00 1.442025E+01 4.387312E-02 9.520286E+02 1.165191E+02 0.000000E+00 9.245138E-03 9.561269E-01 4.387312E-02 1.000000E-24 1.000000E-24 1.000000E-24 1.000000E-24 1.000000E-24 1.000000E-24 1.000000E-24
1.837926E+00 1.446025E+01 4.324994E-02 9.528528E+02 1.195802E+02 0.000000E+00 8.519828E-03 9.567501E-01 4.324994E-02 1.000000E-24 1.000000E-24 1.000000E-24 1.000000E-24 1.000000E-24 1.000000E-24 1.000000E-24
2.818247E+00 1.450025E+01 4.277848E-02 9.540103E+02 1.228586E+02 0.000000E+00 7.845491E-03 9.572215E-01 4.277848E-02 1.000000E-24 1.000000E-24 1.000000E-24 1.000000E-24 1.000000E-24 1.000000E-24 1.000000E-24
4.237614E+00 1.454025E+01 4.263511E-02 9.556148E+02 1.265473E+02 0.000000E+00 7.221957E-03 9.573649E-01 4.263511E-02 1.000000E-24 1.000000E-24 1.000000E-24 1.000000E-24 1.000000E-24 1.000000E-24 1.000000E-24
6.223029E+00 1.458025E+01 4.295470E-02 9.577895E+02 1.308178E+02 0.000000E+00 6.647889E-03 9.570453E-01 4.295470E-02 1.000000E-24 1.000000E-24 1.000000E-24 1.000000E-24 1.000000E-24 1.000000E-24 1.000000E-24
8.935554E+00 1.462025E+01 4.383290E-02 9.606683E+02 1.358094E+02 0.000000E+00 6.121286E-03 9.561671E-01 4.383290E-02 1.000000E-24 1.000000E-24 1.000000E-24 1.000000E-24 1.000000E-24 1.000000E-24 1.000000E-24
1.258352E+01 1.466025E+01 4.533283E-02 9.643973E+02 1.416230E+02 0.000000E+00 5.639907E-03 9.546672E-01 4.533283E-02 1.000000E-24 1.000000E-24 1.000000E-24 1.000000E-24 1.000000E-24 1.000000E-24 1.000000E-24
1.743836E+01 1.470025E+01 4.748932E-02 9.691399E+02 1.483183E+02 0.000000E+00 5.201539E-03 9.525107E-01 4.748932E-02 1.000000E-24 1.000000E-24 1.000000E-24 1.000000E-24 1.000000E-24 1.000000E-24 1.000000E-24
2.385372E+01 1.474025E+01 5.031152E-02 9.750856E+02 1.559139E+02 0.000000E+00 4.803784E-03 9.496885E-01 5.031152E-02 1.000000E-24 1.000000E-24 1.000000E-24 1.000000E-24 1.000000E-24 1.000000E-24 1.000000E-24
3.229110E+01 1.478025E+01 5.381479E-02 9.824925E+02 1.644231E+02 0.000000E+00 4.442138E-03 9.461852E-01 5.381479E-02 1.000000E-24 1.000000E-24 1.000000E-24 1.000000E-24 1.000000E-24 1.000000E-24 1.000000E-24
4.332178E+01 1.482025E+01 5.788770E-02 9.915696E+02 1.737230E+02 0.000000E+00 4.117740E-03 9.421123E-01 5.788770E-02 1.000000E-24 1.000000E-24 1.000000E-24 1.000000E-24 1.000000E-24 1.000000E-24 1.000000E-24
5.766372E+01 1.486025E+01 6.243764E-02 1.002637E+03 1.837147E+02 0.000000E+00 3.827316E-03 9.375624E-01 6.243764E-02 1.000000E-24 1.000000E-24 1.000000E-24 1.000000E-24 1.000000E-24 1.000000E-24 1.000000E-24
7.617040E+01 1.490025E+01 6.729624E-02 1.016020E+03 1.942340E+02 0.000000E+00 3.569079E-03 9.327038E-01 6.729624E-02 1.000000E-24 1.000000E-24 1.000000E-24 1.000000E-24 1.000000E-24 1.000000E-24 1.000000E-24
9.982675E+01 1.494025E+01 7.225986E-02 1.032074E+03 2.050976E+02 0.000000E+00 3.340978E-03 9.277401E-01 7.225986E-02 1.000000E-24 1.000000E-24 1.000000E-24 1.000000E-24 1.000000E-24 1.000000E-24 1.000000E-24
1.297301E+02 1.498025E+01 7.714122E-02 1.051187E+03 2.161508E+02 0.000000E+00 3.140169E-03 9.228588E-01 7.714122E-02 1.000000E-24 1.000000E-24 1.000000E-24 1.000000E-24 1.000000E-24 1.000000E-24 1.000000E-24
1.670537E+02 1.502025E+01 8.175994E-02 1.073725E+03 2.272522E+02 0.000000E+00 2.963996E-03 9.182401E-01 8.175994E-02 1.000000E-24 1.000000E-24 1.000000E-24 1.000000E-24 1.000000E-24 1.000000E-24 1.000000E-24
2.130394E+02 1.506025E+01 8.602347E-02 1.100079E+03 2.383417E+02 0.000000E+00 2.809031E-03 9.139765E-01 8.602347E-02 1.000000E-24 1.000000E-24 1.000000E-24 1.000000E-24 1.000000E-24 1.000000E-24 1.000000E-24
2.689626E+02 1.510025E+01 8.982724E-02 1.130543E+03 2.493429E+02 0.000000E+00 2.672591E-03 9.101728E-01 8.982724E-02 1.000000E-24 1.000000E-24 1.000000E-24 1.000000E-24 1.000000E-24 1.000000E-24 1.000000E-24
3.362118E+02 1.514025E+01 9.321361E-02 1.165483E+03 2.603079E+02 0.000000E+00 2.551154E-03 9.067864E-01 9.321361E-02 1.000000E-24 1.000000E-24 1.000000E-24 1.000000E-24 1.000000E-24 1.000000E-24 1.000000E-24
4.162445E+02 1.518025E+01 9.613909E-02 1.205100E+03 2.712028E+02 0.000000E+00 2.442485E-03 9.038609E-01 9.613909E-02 1.000000E-24 1.000000E-24 1.000000E-24 1.000000E-24 1.000000E-24 1.000000E-24 1.000000E-24
5.106869E+02 1.522025E+01 9.863051E-02 1.249610E+03 2.820533E+02 0.000000E+00 2.344244E-03 9.013695E-01 9.863051E-02 1.000000E-24 1.000000E-24 1.000000E-24 1.000000E-24 1.000000E-24 1.000000E-24 1.000000E-24
6.213521E+02 1.526025E+01 1.007450E-01 1.299208E+03 2.929107E+02 0.000000E+00 2.254445E-03 8.992550E-01 1.007450E-01 1.000000E-24 1.000000E-24 1.000000E-24 1.000000E-24 1.000000E-24 1.000000E-24 1.000000E-24
7.502487E+02 1.530025E+01 1.025393E-01 1.354045E+03 3.038255E+02 0.000000E+00 2.171545E-03 8.974607E-01 1.025393E-01 1.000000E-24 1.000000E-24 1.000000E-24 1.000000E-24 1.000000E-24 1.000000E-24 1.000000E-24
8.995805E+02 1.534025E+01 1.040330E-01 1.414207E+03 3.148119E+02 0.000000E+00 2.094452E-03 8.959670E-01 1.040330E-01 1.000000E-24 1.000000E-24 1.000000E-24 1.000000E-24 1.000000E-24 1.000000E-24 1.000000E-24
1.071794E+03 1.538025E+01 1.052709E-01 1.479777E+03 3.259094E+02 0.000000E+00 2.022220E-03 8.947291E-01 1.052709E-01 1.000000E-24 1.000000E-24 1.000000E-24 1.000000E-24 1.000000E-24 1.000000E-24 1.000000E-24
1.269588E+03 1.542025E+01 1.062938E-01 1.550810E+03 3.371553E+02 0.000000E+00 1.954118E-03 8.937062E-01 1.062938E-01 1.000000E-24 1.000000E-24 1.000000E-24 1.000000E-24 1.000000E-24 1.000000E-24 1.000000E-24
1.495943E+03 1.546025E+01 1.071374E-01 1.627338E+03 3.485841E+02 0.000000E+00 1.889577E-03 8.928626E-01 1.071374E-01 1.000000E-24 1.000000E-24 1.000000E-24 1.000000E-24 1.000000E-24 1.000000E-24 1.000000E-24
1.754155E+03 1.550025E+01 1.078323E-01 1.709372E+03 3.602275E+02 0.000000E+00 1.828150E-03 8.921677E-01 1.078323E-01 1.000000E-24 1.000000E-24 1.000000E-24 1.000000E-24 1.000000E-24 1.000000E-24 1.000000E-24
2.047886E+03 1.554025E+01 1.084045E-01 1.796903E+03 3.721143E+02 0.000000E+00 1.769484E-03 8.915955E-01 1.084045E-01 1.000000E-24 1.000000E-24 1.000000E-24 1.000000E-24 1.000000E-24 1.000000E-24 1.000000E-24
2.381207E+03 1.558025E+01 1.088757E-01 1.889908E+03 3.842709E+02 0.000000E+00 1.713299E-03 8.911243E-01 1.088757E-01 1.000000E-24 1.000000E-24 1.000000E-24 1.000000E-24 1.000000E-24 1.000000E-24 1.000000E-24
2.758666E+03 1.562025E+01 1.092638E-01 1.988352E+03 3.967217E+02 0.000000E+00 1.659368E-03 8.907362E-01 1.092638E-01 1.000000E-24 1.000000E-24 1.000000E-24 1.000000E-24 1.000000E-24 1.000000E-24 1.000000E-24
3.185350E+03 1.566025E+01 1.095836E-01 2.092188E+03 4.094891E+02 0.000000E+00 1.607503E-03 8.904164E-01 1.095836E-01 1.000000E-24 1.000000E-24 1.000000E-24 1.000000E-24 1.000000E-24 1.000000E-24 1.000000E-24
3.666971E+03 1.570025E+01 1.098471E-01 2.201368E+03 4.225940E+02 0.000000E+00 1.557550E-03 8.901529E-01 1.098471E-01 1.000000E-24 1.000000E-24 1.000000E-24 1.000000E-24 1.000000E-24 1.000000E-24 1.000000E-24
4.209945E+03 1.574025E+01 1.100661E-01 2.315838E+03 4.360587E+02 0.000000E+00 1.509377E-03 8.899339E-01 1.100661E-01 1.000000E-24 1.000000E-24 1.000000E-24 1.000000E-24 1.000000E-24 1.000000E-24 1.000000E-24
4.821495E+03 1.578025E+01 1.102501E-01 2.435549E+03 4.499042E+02 0.000000E+00 1.462873E-03 8.897499E-01 1.102501E-01 1.000000E-24 1.000000E-24 1.000000E-24 1.000000E-24 1.000000E-24 1.000000E-24 1.000000E-24
5.509748E+03 1.582025E+01 1.104020E-01 2.560445E+03 4.641440E+02 0.000000E+00 1.417948E-03 8.895980E-01 1.104020E-01 1.000000E-24 1.000000E-24 1.000000E-24 1.000000E-24 1.000000E-24 1.000000E-24 1.000000E-24
6.283875E+03 1.586025E+01 1.105275E-01 2.690478E+03 4.787959E+02 0.000000E+00 1.374519E-03 8.894725E-01 1.105275E-01 1.000000E-24 1.000000E-24 1.000000E-24 1.000000E-24 1.000000E-24 1.000000E-24 1.000000E-24
7.154216E+03 1.590025E+01 1.106311E-01 2.825611E+03 4.938777E+02 0.000000E+00 1.332514E-03 8.893689E-01 1.106311E-01 1.000000E-24 1.000000E-24 1.000000E-24 1.000000E-24 1.000000E-24 1.000000E-24 1.000000E-24
8.132435E+03 1.594025E+01 1.107168E-01 2.965810E+03 5.094069E+02 0.000000E+00 1.291867E-03 8.892832E-01 1.107168E-01 1.000000E-24 1.000000E-24 1.000000E-24 1.000000E-24 1.000000E-24 1.000000E-24 1.000000E-24
9.231699E+03 1.598025E+01 1.107876E-01 3.111055E+03 5.254008E+02 0.000000E+00 1.252518E-03 8.892124E-01 1.107876E-01 1.000000E-24 1.000000E-24 1.000000E-24 1.000000E-24 1.000000E-24 1.000000E-24 1.000000E-24
1.046687E+04 1.602025E+01 1.108461E-01 3.261331E+03 5.418767E+02 0.000000E+00 1.214416E-03 8.891539E-01 1.108461E-01 1.000000E-24 1.000000E-24 1.000000E-24 1.000000E-24 1.000000E-24 1.000000E-24 1.000000E-24
1.185471E+04 1.606025E+01 1.108945E-01 3.416636E+03 5.588522E+02 0.000000E+00 1.177512E-03 8.891055E-01 1.108945E-01 1.000000E-24 1.000000E-24 1.000000E-24 1.000000E-24 1.000000E-24 1.000000E-24 1.000000E-24
1.341416E+04 1.610025E+01 1.109345E-01 3.576980E+03 5.763450E+02 0.000000E+00 1.141760E-03 8.890655E-01 1.109345E-01 1.000000E-24 1.000000E-24 1.000000E-24 1.000000E-24 1.000000E-24 1.000000E-24 1.000000E-24
1.516657E+04 1.614025E+01 1.109676E-01 3.742384E+03 5.943729E+02 0.000000E+00 1.107118E-03 8.890324E-01 1.109676E-01 1.000000E-24 1.000000E-24 1.000000E-24 1.000000E-24 1.000000E-24 1.000000E-24 1.000000E-24
1.713609E+04 1.618025E+01 1.109949E-01 3.912881E+03 6.129542E+02 0.000000E+00 1.073547E-03 8.890051E-01 1.109949E-01 1.000000E-24 1.000000E-24 1.000000E-24 1.000000E-24 1.000000E-24 1.000000E-24 1.000000E-24
1.934995E+04 1.622025E+01 1.110175E-01 4.088514E+03 6.321073E+02 0.000000E+00 1.041010E-03 8.889825E-01 1.110175E-01 1.000000E-24 1.000000E-24 1.000000E-24 1.000000E-24 1.000000E-24 1.000000E-24 1.000000E-24
